Gene_name	FeAnBF	FeAnO	FeAnSF	FeAtO	FeAtSF	FeBrBF	FeBrO	FeBrSF	FeFLO	FeFLSF	FeHLBF	FeHLO	FeHLSF	FeMLO	FeMLSF	FeOsSF	FeOvO	FeOvSF	FePaSF	FeRsBF	FeRsSF	MaAn	MaAT	MaBr	MaFL	MaHL	MaML	MaRs
Gr1	0.677528008	0.627429463	0.66585474	0.137619751	0.06626271	0.097821107	0.090586588	0.161275409	0.045498224	0.09707275	0.061553829	0.41955832	0.049106787	0.033027665	0.054781145	0.077359968	1.269516329	1.171985761	1603.662264	247.1755823	249.8206804	1.227316335	0.004307667	0.245687534	0.184851595	0.050454797	0.070119727	107.7832466
Gr10	0.004823642	0.020136779	0.009525793	0	0.025120975	0.030428791	0.014089206	0.044757131	0.104538801	0.080294024	0.069143009	0.032821803	0.077570692	0.125211808	0.044305541	15.6781326	0	0	0.066825515	8.686425429	7.479119104	0.018246684	0.030484302	0	0.286546825	0.109302953	0.297732353	8.168884274
Gr11	0.661738534	0.63226192	0.585915857	0.339568324	0.210334733	0.661440795	0.428765226	0.469462308	0.557492976	0.448195807	0.84166982	0.614670725	0.602527255	0.645158182	0.577848816	1.208913275	0.240691896	0.345706902	0.451921948	2.180166695	1.386869853	0.220351689	0.067316382	0.29995217	0.722172866	0.573748223	0.698554297	1.31352704
Gr13	0.436720048	0.29459137	0.417197414	0.088934728	0.018491045	0.327569887	0.24112004	0.28944279	0.060020012	0.09850452	0.06107357	0.069690583	0.041110643	0.055299423	0.097836864	12.48636115	1.817174991	0.447771234	0.503066079	3.411603433	5.912020877	0.292122805	0.033658221	0.219393553	0.068778509	0.120683214	0.109577069	4.305834193
Gr14	0.069278166	0.054226652	0.06840563	0.052584167	0.007516514	0.307283256	0.145440634	0.243923986	0.007507038	0.024025046	0.018619645	0.009065287	0.01392606	0.018732445	0	11.04990673	1.565446613	1.584625717	0.087251038	8.345750191	7.647770836	0.114652241	0.023454747	0.15606965	0.055916381	0.003270483	0.063632288	7.694312535
Gr15	5.308938891	5.690908222	4.954008785	0.004370537	0.019991557	0.045404239	0.058864838	0.106854659	0.289512154	0.127797833	0.090790857	0.171788955	0.177787079	0.264059028	0.237996932	6.858736243	0	0.009492353	0.42786101	4.484165729	4.463978441	3.299869307	0.025992583	0.044474559	0.490775814	0.200064425	0.389256432	3.419649045
Gr16	0.110734115	0.105061549	0.07951961	0	0	0.095255419	0.066158037	0.096742141	0.12653743	0.074475679	0	0.015807138	0.003237735	0.087103811	0.034673823	6.185935807	0	0	0.36767164	4.216859389	3.999523393	0.142800004	0	0.038877047	0.104001871	0.011405535	0.118353172	3.590612592
Gr17	0	0.016634773	0.017486955	0	0.009223162	0.268126341	0.201741157	0.070425289	0.023028883	0.009826649	0.007615749	0	0	0.036777185	0	3.078154933	0.049893149	0.087586482	0	2.416771894	2.51404687	0	0	0.17782671	0.013722474	0.008026132	0	1.898126983
Gr18	0.029327781	0.085702453	0.034750064	0	0	0.111004456	0.08566239	0.104961847	0.030508636	0.010848622	0	0.024560803	0	0.015225763	0.01346887	2.041503066	0.018360709	0.367442171	0.04432349	1.688679615	1.946351551	0.033281943	0.010591129	0.166117506	0.015149613	0.004430415	0.01724012	1.796168534
Gr19	1.645853422	1.755690694	1.661071059	2.530497629	1.340426347	0.966937541	0.853453415	0.911761583	1.317145644	0.974531705	1.148014475	1.041975364	1.045145125	1.503675018	0.954730325	7.869877676	0.014994025	0.082123756	1.566091435	6.321513302	5.804747928	1.206759345	0.31655666	1.164190978	2.127939356	1.298152939	2.20194492	3.587041937
Gr2	5.630338631	3.407847535	3.385952365	0.033243197	0	0.184188545	0.206101427	0.274144338	0.13499382	0.081004692	0.090681419	0.145184569	0.100169288	0.113687981	0.044697581	0.767963215	0	0.024066911	1680.101218	326.9180951	288.9524776	0.671896941	0.013180313	0.638977665	0.08798172	0.238919043	0.071515983	74.81979149
Gr20	0.375806317	0.398089895	0.399413676	1.092127497	0.54900949	0.149754274	0.112823566	0.097068332	0.163239657	0.150325997	0.163798015	0.148684577	0.137692877	0.171985915	0.151524774	1.685727157	0.244342597	0.693819635	0.112497999	1.292766829	1.177086187	0.403340851	0.801356168	0.138814887	0.297218665	0.200584329	0.212873411	1.208793967
Gr21	0.139826393	0.101028648	0.138065712	0.044902199	0.009335915	0.042406935	0.007854132	0.039207431	0.041958669	0.069627436	0.053962001	0.053482807	0.051890814	0.027920058	0.012349208	0.087195215	0	0	0.013546292	0.092898058	0.112034552	0.27463682	0.087396085	0.04153864	0.041670694	0.06905601	0.11064865	0.149714211
Gr22	0.203971001	0.172601141	0.221361104	0.054396242	0.009569898	0.043469787	0.032203948	0.043843744	0.109915073	0.061176415	0.102726772	0.09233384	0.049645283	0.109709327	0.025317365	0.429028429	0.09490945	0.263549641	0.083314861	0.071419835	0.131248576	0.385786347	0.029862172	0.141932252	0.156621905	0.14573767	0.048609284	0.044761004
Gr23	0.209483723	0.241641914	0.228618786	0.100423762	0.057419367	0.026081806	0.032203871	0.076726516	0.08124157	0.112156902	0.118530848	0.100990085	0.099290472	0.114479231	0.063293444	0.411151939	0.086281534	0.027263721	0.465174541	0.20632362	0.319918275	0.281519936	0.084609463	0.014193225	0.170860399	0.137409554	0.226843725	0.172649906
Gr25	0.398247061	0.33481398	0.506104899	0.121752326	0.086417813	0.104677147	0.072701795	0.047656597	0.282901645	0.265986502	0.309213025	0.225818443	0.188572865	0.210582447	0.241321582	0.215233358	0.147170308	0.136775928	0.376173777	0.278674625	0.30452959	0.596312466	0.134830017	0	0.385724757	0.254850725	0.178831909	0.256634783
Gr26	0.374041219	0.361236369	0.455690238	0.029661995	0.029074038	0.052825683	0.048918895	0.048100131	0.09195168	0.072278272	0.064018687	0.073051251	0.053866342	0.048304991	0.038458048	1.798234834	0.235916385	0	1.342922801	1.044708902	1.345755593	0.27453323	0.010080392	0	0.057676273	0.071684984	0.016408748	0.997239006
Gr27	0.005139207	0.021454125	0.006765969	0	0	0	0	0	0	0	0	0	0	0	0	0	0	0.008472148	0.01941744	0.007397834	0	0	0	0	0	0	0	0.005961164
Gr29	0	0.016920837	0	0	0	0	0.007892728	0.003581827	0	0	0	0	0	0.004676214	0	0	0	0	0	0	0.016083578	0	0	0	0	0	0	0.01253749
Gr3	0.06411333	0.077206089	0.042203949	0.018716879	0	0.046666608	0.09363312	0.124207319	0.04702841	0.036486359	0.12724789	0.134230931	0.117378744	0.059742255	0.113247191	0.330508624	0	0	970.4340532	175.9128576	193.437822	0.074623085	0.004452542	0	0	0.059602019	0.014495612	61.92532786
Gr30	0.02305642	0.024062866	0.027319218	0.007000193	0	0.007272296	0.006734464	0.009168592	0.003997458	0	0.006609895	0	0.011864883	0.011969906	0.010588733	0.603104797	0.093824195	0.235657179	0	0.411548796	0.171541474	0.052330027	0.033305358	0	0	0	0.027107103	0.390463271
Gr31	0.050500583	0.03513665	0.029549373	0.059626633	0.009740787	0.017698391	0.016389485	0.011156657	0	0	0	0	0	0	0	0.012130259	0	0	0	0	0	0.053064267	0	0.043340014	0	0.008476556	0	0.019525854
Gr32	0.010862126	0.005668134	0	0.012367003	0.009428118	0.008565146	0.0237951	0.014398054	0.03766493	0	0.015569971	0.01137074	0	0.009398608	0	2.365791427	0	0	0.082080645	0.766160706	1.640545585	0	0	0.013982949	0.014027413	0	0	0.428379794
Gr33	0.596855725	0.708283069	0.725954418	0.112682854	0.0578544	3.511888326	3.464550638	4.546095721	0.089298569	0.156901644	0.156343093	0.134792654	0.126677411	0.193992128	0.187840565	0.406080144	0.877253619	1.178725919	0.194601988	0.252952956	0.247955457	0.567304782	0.374737212	6.762942969	0.344309508	0.242574303	0.267150496	0.769630261
Gr34	3.129409418	2.509503674	3.198591292	0.110038223	0.060747048	1.734441931	1.978508857	1.321962541	0.403025782	0.36983945	0.372617838	0.358469104	0.2765465	0.410922457	0.34437505	3.793237384	0.978019084	2.769007234	0.610707238	3.065530014	2.45475856	2.723060458	0.018053055	1.904859387	0.490640661	0.426678721	0.558345332	2.302039566
Gr35	0.126160593	0.09159482	0.090269426	0	0	0.034602338	0.02403246	0.018177118	0.584874638	0.324647162	0.416720727	0.26700693	0.38812414	0.536317808	0.31488939	1.114652877	0	0.018085184	0.08980748	0.734322556	0.546861293	0	0	0.042367292	1.161721596	0.472319658	0.999582465	0.547178873
Gr36	0.010729663	0.055990165	0.038846606	0	0	0.01692143	0	0.010666853	1.385908985	1.180780116	0.292221591	0.511059724	0.327840047	1.067659422	0.76378335	0.521896781	0.025190003	0	0.027026514	0.370685816	0.287386047	0	0	0	2.618849812	0.502473639	2.17604078	0.485383971
Gr37	0.017882794	0.012442244	0.019619515	0.009049006	0	0.009400769	0.026116533	0.090865742	0.025837198	0	0	0.031200214	0.003834387	0.036104359	0.041063668	1.127555132	0.167932973	0.265322468	0	0.617810009	0.727336124	0.045097451	0.850303008	0	0	0	0	0.905773612
Gr39	0.323269956	0.215079861	0.291268337	0.018402838	0.035073945	0.050981738	0.076718379	0.054901912	0.124355689	0.127054445	0.020272914	0.023265449	0.028592361	0.143353189	0.14846261	0.864821268	0.284601832	0.87598883	0.043258188	0.357732273	0.399855916	0.389783172	0.016416881	0.093633489	0.120023266	0.038152277	0.184093168	0.576521003
Gr4	0.047921134	0.080020787	0.075708236	0.629262234	0.989953227	0.10580474	0.02799419	0.098457099	1.981563533	1.347214361	1.497464594	1.805941999	1.522779385	2.214204022	1.320476277	7.515898468	0.030001124	0.015799883	0.567321938	5.435786178	5.476419061	0.0725096	0.051917227	0.037013713	2.413540959	1.954593587	2.943777709	4.118889576
Gr41	0.408410117	0.34707955	0.349497897	0.349851408	0.668471186	0.368051673	0.289706708	0.348016762	0.278178587	0.31294066	0.158900458	0.216820946	0.176392124	0.146401421	0.375127761	0.807224861	0.091316378	0.327020042	0.315966896	0.85665693	1.007079428	0.18759758	0.611025879	0.540773463	0.316454139	0.260007908	0.274378538	0.920391481
Gr42	0.059582368	0.077728934	0.065368809	0.033918521	0.008619383	0.203591442	0.116021321	0.098722565	0.060259649	0.045916881	0.064054773	0.059773408	0.05429597	0.051554454	0.079809841	1.486629081	0	0.032741111	0.043773241	0.91486001	0.812711645	0.103301652	0.094136641	0.23010326	0.02564831	0.063755919	0.029187541	0.806304288
Gr43	0.241953701	0.195125334	0.264245338	0.191997772	0.114551668	0.199460832	0.152586098	0.309783434	0.495764652	0.528871057	0.819759831	0.483541032	0.463376717	0.637578271	0.353557755	1.022338178	0.146311751	0.516716436	0.297798606	0.514519823	0.400943571	0.208011504	0.417025173	0.622939947	0.653325894	0.494268225	0.75964204	0.452869202
Gr44	0.088425359	0.034606933	0.029103886	0.083896805	0.134315153	0.130736964	0.096854467	0.087907734	0.100609409	0.102216786	0.055453316	0.028926798	0.078209968	0.038255614	0.025381006	0.053763279	0	0.081996817	0.062643175	0.079554531	0.082236474	0.114981357	0.054884802	0.284578241	0	0.06261576	0.146194497	0.192315371
Gr45	0.279257456	0.22128389	0.275740443	0.522060803	1.023424079	0.22020368	0.249233427	0.09939576	0.354160781	0.506935554	0.266861803	0.281506387	0.282756365	0.304276475	0.546249688	0.709905615	0.048563785	0.017050533	0.234470217	0.431765044	0.538662301	0.557524767	0.210100201	0.359491301	0.267136707	0.324208778	0.410398678	0.971763746
Gr46	1.068217198	0.78533517	1.018392964	1.290103429	2.621711959	0.680499545	0.384250969	0.47082176	1.199725066	1.479355846	0.618514867	0.91717415	0.917308877	0.983481507	1.58291264	1.649483596	0.930663145	0.65928666	0.589831027	0.901403979	1.049242361	0.427967054	1.092683996	0.704499573	0.747514567	0.798905433	0.587732061	1.648016609
Gr47	0.071118048	0.079524064	0.063534574	0.077115259	0.097002926	0.088124112	0.133538338	0.087535482	0.088073359	0.084559151	0.043689447	0.055836135	0.084958745	0.052745111	0.011664726	0.049417483	0.174913798	1.398510984	0	0.051186899	0.030235683	0.134510935	0.032103569	0.06539369	0.013120334	0.080576227	0.014930819	0.047138609
Gr48	0.004942881	0.015475913	0.006507515	0	0	0	0.021656251	0	0	0	0	0	0	0	0	0	0	0	0.068477341	0	0.01471017	0	0	0.025452162	0	0	0	0.005733438
Gr49	0.027563705	0.017260114	0.010886597	0.083686537	0.009569898	0.182573016	0.217376353	0.149799554	0.043010278	0.081568512	0.007902057	0.002885434	0.010638251	0.066779645	0.025317365	4.606094855	0.051768838	0.081791317	0.30548821	1.761685659	2.75621764	0.031279948	0.019908126	0.638693944	0.398674095	0.166556988	0.437484369	1.598609162
Gr5	0.025282559	0.026386123	0.009985667	0.111302955	0.131668597	0.047846702	0.051692795	0.110592018	0.039450782	0.046761299	0.050736639	0.026466383	0.019515753	0.026251285	0	0.207692567	0.72809633	0.458469984	0.152839678	0.160133415	0.361160673	0.028691298	0.082172606	0.14320475	0.143660193	0.045831807	0.133759696	0.445757591
Gr50	0	0.005738985	0	0	0	0	0.008030846	0	0.004766967	0	0	0	0	0.019032202	0	0.487393658	0	0	0	0.197892181	0.106372936	0	0	0	0	0	0.032325208	0.146704528
Gr53	0.038556922	0.040239964	0.010877531	0	0	0.017373391	0.016088521	0.0584093	0	0	0	0	0	0.004765993	0	0.178612269	0	0.018160679	0.027748461	0.206151406	0.377024403	0	0	0.042544151	0	0.004160449	0	0.364178202
Gr54	0.016748087	0.023305526	0.018374637	0	0	0	0.008153149	0.00370001	0	0	0	0	0	0	0	0.09654964	0	0	0	0.096434697	0.132914179	0	0	0	0	0	0	0.142462912
Gr55	0.011034683	0.011516357	0.02179142	0.008375645	0	0.017402426	0.008057704	0.003656696	0.02391455	0.030613776	0.015817317	0	0	0.014321873	0.038007868	2.832760903	0	0	1.132639844	2.27145892	2.668215527	0	0	0	0.014250254	0	0.032433317	2.6623075
Gr56	0	0.005753371	0	0	0	0	0	0	0	0	0	0	0	0	0	0.143009643	0	0	0.006942908	0.03174206	0.041015108	0	0	0	0	0	0	0.083127683
Gr57	0.134778222	0.18004665	0.145501706	0	0	0.008502165	0.023620169	0.003573046	0	0.009971153	0	0	0	0.009329521	0	0.821646609	0	0	0.040738521	0.139688531	0.160441743	0.020393368	0	0	0	0	0.015845688	0.068787131
Gr58	0.096098167	0.061290124	0.101916615	0.016209205	0.046339609	0.008419619	0	0	0.032396825	0.05924612	0.022958142	0.041915853	0.024039394	0.032336191	0.061296347	0.023082856	0.016711779	0.070409305	0	0.046110709	0.031776771	0.050488372	0.009639954	0	0.041367204	0.032260286	0.031383652	0.037155932
Gr59	0.199643281	0.049347999	0.228255083	0.031902169	0.018240704	0.016571101	0.023018405	0.0174101	0.054653207	0.048585633	0.090370396	0.046748174	0.040554197	0.077280342	0.180961188	0.113576325	0.057559993	0.060627155	0.436706045	0.022688296	0.093812408	0.129179172	0.047432372	0.013526498	0.122125661	0.134923258	0.123536133	0.054846523
Gr6	0.413043755	0.363555907	0.24241174	0.064213303	0.025916719	0.415952573	0.341584033	0.333118237	0.392574335	0.211695368	0.292465816	0.260472392	0.220876658	0.482263353	0.251398692	0.478733834	0.311549972	0.795768332	0.081477041	0.623226237	0.325819907	0.197658499	0.017971378	0.43562251	1.01540101	0.383401025	0.848354155	0.646502768
Gr60	1.171447948	1.044831968	1.352211716	1.035780821	0.832906326	1.493684991	1.064712285	0.864494844	1.006509447	1.544315351	1.670243986	0.918638761	1.461651494	1.112457097	1.697916912	3.576401546	0	0	0.159568902	2.696868397	2.333446356	0.498914193	0.581311644	0.101604099	0.300417184	0.390642492	0.317452936	2.435734359
Gr61	0.170491416	0.220537294	0.156489026	0.375465433	0.212595868	0.140118855	0.122742178	0.093897819	0.014571504	0.008882604	0.006884105	0.006284308	0.007723195	0.010388748	0.011028003	0.140159815	0.015033312	0.023751573	0.054436648	0.183201493	0.110767838	0.299755263	0.201618148	0.117466012	0.031010341	0.023578879	0.028231555	0.169905975
Gr62	0.12907081	0.050514262	0.063722642	0	0	0.059369659	0.047124752	0.039207431	0	0	0	0	0	0.004653347	0	0.029065176	0	0	0.020319446	0	0.016004947	0.091545565	0	0.041538572	0	0	0.031613872	0.024952346
Gr63	0.051958575	0.018075537	0.022801865	0.026292044	0	0.136570394	0.151764157	0.137745193	0.060056319	0.064066609	0	0.045326329	0.011140853	0.014985963	0.039770253	0.336972965	0.650574599	0.571036279	0	0.149587728	0.231945325	0.131031186	0.891279902	0	0	0	0.050905823	0.020089581
Gr64	0.104741981	0.104108625	0.016416358	0.018929085	0	0.283174469	0.080126318	0.152061106	0.224836802	0.212175256	0.00714948	0.015663775	0.012833466	0.077682439	0.080171849	0	0.078064131	0.131558507	0.018845002	0.021539319	0.029687143	0	0.009006076	0.37240282	0.064411552	0.007534739	0	0.01157091
Gr65	0.18329872	0.23767547	0.28519624	0	0	0.113877432	0.105455602	0.05521982	0.062596504	0.020546609	0	0	0	0.038448823	0.025509226	4.274756638	0	0	0.013990995	2.846446342	2.785362497	0.409720744	0	0.042902217	0.028692416	0	0.097955137	2.763991931
Gr66	1.799658264	1.914333287	1.571956794	0	0	0.081870576	0.117935619	0.107041343	0	0	0	0	0.007420741	0.019963824	0.026490319	1.614805639	0.072222906	0.171161177	0	0.988077877	0.969887872	0.894596627	0	0.014850779	0	0.004356833	0	0.983529683
Gr67	0.089357946	0.04782489	0.054297033	0.026086669	0	0.1047893	0.073616222	0.069853133	0.007944944	0.033901941	0	0.007195558	0.010316929	0.009912614	0	0.356630108	0.935964449	0.298396236	0.150053861	0.333117976	0.344347443	0.013000789	0	0.08848599	0.011835626	0.012114435	0.013468833	0.369418759
Gr68	0.011986816	0.018765076	0.027616987	0.095532557	0	0.056712007	0.008752967	0.015888862	0.005195606	0.0110851	0.017182122	0.012548093	0.011565851	0.015557642	0.013762465	0.019434891	0.131326453	0.286528945	0	0.008627447	0.03567319	0	0.17315189	0.015430776	0.046439618	0.036215934	0.01761592	0.027807935
Gr69	0.077702631	0.074856298	0.074756722	0.226840512	0.031128121	0.150821164	0.052375077	0.146572852	0.010362976	0.077384864	0.05140632	0.025027987	0.023068825	0.04137428	0.041175145	0.02584272	0.046774757	0.305458281	0.060222172	0.008604004	0.080046535	0.079134989	0.075548042	0.153888582	0.046313327	0.054176232	0.070272057	0.090130207
Gr7	0.010113037	0.026386192	0.006657105	0.023028215	0	0.071770063	0.022154099	0.006702557	3.265648339	2.113615691	3.551568722	2.919244826	2.403688535	3.788936279	1.544273822	24.86293029	0.015828208	0.058350709	0.159208136	23.05920645	15.51482034	0	0.013695428	0	8.044954733	4.117224849	7.59455207	16.38751278
Gr72	0	0.006004174	0.003787062	0	0	0	0	0	0.029923448	0.010640544	0.008246526	0.003011216	0	0.014933719	0	0.130588231	0	0	0.043473393	0.057970169	0.094166895	0	0	0	0.059436166	0	0.016909452	0.106770911
Gr73	0.046037786	0.058724521	0.033672555	0.058239981	0.017759976	0.080671813	0.104587808	0.07458532	0.017737553	0.009461009	0.007332374	0.010709671	0	0.008852194	0	0	0.016012251	0	0	0.022090308	0.030446645	0.058049815	0	0.026339989	0	0.015454946	0	0.053400917
Gr74	0.035263885	0.029135837	0.026114806	0.014498384	0	0.048661793	0.085834131	0.051612334	0.022927301	0.016305537	0.008424644	0.010766901	0.01417726	0.013984917	0.010121915	0.034940365	0.363349793	0.474757321	0.007402063	0.021150798	0.021863828	0.022232402	0.006632726	0.052961473	0.022769951	0.024416118	0.030230611	0.017043296
Gr75	0.004750713	0.004958085	0	0	0	0	0.006938095	0	0	0	0	0	0	0	0	0	0	0	0.023932788	0	0.014138231	0	0	0	0	0	0	0.005510534
Gr76	0.283279654	0.272457382	0.343698023	0.02108011	0	0.078838233	0	0.103077043	1.993459601	1.253344368	0.23885763	0.206418185	0.132199172	1.235169309	0.854560327	0.270173801	0.104321975	0.384584646	0.104932548	0.055969432	0.206629596	0.115562085	0.160471346	0.0429022	2.539281404	0.134255183	1.681563814	0.10308598
Gr77	0.712826669	0.876789603	1.022258648	4.355506062	1.856162014	0.513908655	0.617185518	0.519679751	0.017655443	0.018834412	0.007298427	0.005330037	0.003275207	0.013216797	0	0	0.422359512	0.041968525	0	0.021988015	0.030305664	0.192603933	0.597588732	1.101157321	0.02630141	0.030766716	0	0.171273156
Gr78	0.005431063	0.039676935	0.010725326	0.004122334	0	0.008565146	0.0237951	0.046793697	0.009416233	0.020090031	0.023354956	0.00568537	0.013974233	0.014097911	0.012471171	0	0.059502255	0.367085147	0.013680094	0.039089836	0.008081507	0.020544385	0.004903293	0.013982949	0.014027413	0.012306701	0.015963067	0.031498492
Gr79	0.010808742	0.005640283	0.007115076	0	0	0.017046102	0.031570873	0.060891044	0	0	0.007746734	0	0	0	0	1.822577378	0	0.017818558	0	1.330301423	1.085641521	0	0	0.055656925	0	0	0	1.642409189
Gr8	0.070682775	0.026345753	0.016617274	0.011496492	0.0262934	0.015924494	0.036866907	0.016730704	0.691520455	0.354841585	0.412509025	0.317110884	0.175372669	0.620330314	0.417359685	12.49704578	0.06321575	0.13316903	0.222550321	12.75473275	8.902496126	0.019098244	0.022790724	0	1.421362825	0.232622319	1.454266437	7.589718767
Gr80	0	0.018075544	0.019001559	0.109550182	0	0	0	0	0.025023442	0.01067778	0.024826134	0.033239268	0.011140866	0.02497661	0	0.187207401	0	0	0.058167387	0.04155212	0.077315174	0	0.010424331	0	0.059644111	0.017442572	0.033937254	0.026786116
Gr81	0.011251056	0.011742174	0	0.038429401	0.009765702	0.00887183	0	0.007456796	0.009753391	0	0	0	0	0	0	0.018241893	0	0	0.092104547	0.032391504	0.008370874	0	0	0	0	0	0	0.202283429
Gr9	0.025282546	0.042217835	0.023299851	0.034542322	0	0.11164227	0	0.056971603	1.915555691	1.365429873	1.500356137	1.587984905	1.288039047	2.073849829	1.474608793	30.48701601	0	0.058350666	0.503097278	22.81900975	22.0232199	0.047818871	0	0.02603724	3.095222323	1.722515046	3.670955536	20.32305518
Ir100a	1.012253911	1.667710644	1.965482523	0.016912913	0.005525892	0	0.009297651	0.010548517	0.01931623	0.005887461	0.00456284	0.024991804	0.01023797	0.008262894	0.014618883	4.142611077	0.144480823	0.188912998	9.092418359	3.152530671	4.840830029	0.505730662	0.020116967	0	0.041107788	0.007213047	0.009356076	3.363688892
Ir100b	0.003054974	0.019129924	0.008043998	0	0	0	0.008923166	0.010123627	0.002648316	0	0	0	0	0	0	0	0.009562858	0.025181126	0.007695056	0	0.013637558	0	0	0.007865412	0.007890423	0	0	0.003543582
Ir100c	0.016031912	0.030117149	0.002110671	0	0	0.116303734	0.163894821	0.125379669	0.464188184	1.358054574	0	0.008391327	0.008250103	0.266339693	1.192760591	0.734747154	0	0.021143373	0	0.267702536	0.281498161	0	0	0.0660419	0.016562981	0.014531222	0.028272867	1.164112948
Ir100d	0.383904361	0.400661764	0.379068945	0.214962993	0.136566208	0.436711874	0.395223775	0.490105788	1.800400548	2.869297634	0.545783715	1.250111051	1.022202269	2.072031304	2.78915439	12.50330106	0.300429421	0.347563926	0.317049584	1.807357893	9.608327583	0.428522072	0.551146426	0.445594543	1.81242674	1.174154623	1.775804764	3.96759027
Ir101	0.009426774	0.009838254	0.002068454	0	0	0	0	0.002082574	0	0	0.004504167	0	0	0	0	0	0	0.005180109	0	0	0.004675726	0	0	0	0	0	0	0.018224123
Ir102	0.009834194	0.010263444	0.002157853	0.002488146	0.034143534	0.005169725	0.009574783	0.010862917	0.011366842	0	0.004698838	0.017157768	0.002108628	0.005672783	0	0.046062432	0.010261188	0.010807989	0.078441407	0.023593696	0.053655926	0	0.011838058	0.008439786	0.008466623	0.019808081	0	0.068442365
Ir103	2.453077102	4.078340062	2.323346542	1.858998052	1.475902023	0.036903042	0.051260652	0.03618659	0.334702222	0.245247791	0.620521638	0.945117287	0.674832206	0.519672676	0.1074644	0.788295529	0.372341044	0.649350474	1.006905383	0.673674479	1.236083854	0.339309902	0.049293746	0.030122858	0.221603402	0.091318408	0.06877708	0.488561968
Ir104	0.02236862	0	0.004908186	0	0	0.005879469	0.005444646	0	0.016159202	0	0	0.013659381	0.009592492	0	0	0	0.023339783	0.049167146	0	0.010733137	0	0	0	0	0	0	0	0.11243367
Ir105	0.034548384	0.072112899	0.040430575	0.0058274	0	0.145293565	0.056061757	0.078868918	0.569041302	0.333694871	0.055024768	0.060276875	0.061731644	0.398579266	0.290885139	0.132776325	0	0	0.043511322	0.033154687	0.14851358	0.021781398	0	0.256964174	0.436245225	0.046391754	0.507726557	0.142485415
Ir106	0.016384219	0.02564903	0.035052063	0	0	0.07751691	0.077766115	0.046150211	1.267640592	1.060618762	0.129169872	0.135067236	0.073774456	0.808070198	0.554931906	0.522436947	0	0.02025746	0.041269588	0.359670032	0.365699031	0.015494312	0	0.105457779	0.9415612	0.009281607	0.505644877	0.242310197
Ir107	0.069893255	0.120143332	0.051421439	0.037447748	0.014274352	0.239904531	0.222161904	0.188015896	0.481152327	0.593125375	0.076613055	0.090381471	0.087273562	0.362856403	0.207697432	0.835469219	0.141565984	0.759104309	0.238186827	0.603663414	0.464951891	0.046656917	0.037118416	0.444580282	1.093746049	0.180114753	1.172166173	0.410128812
Ir108	0.037707136	0.017490243	0.011031765	0.082682255	0.021819344	0.052859172	0.030593689	0.097186895	0.312350018	0.263465988	0.072066674	0.057016141	0.05120547	0.134131524	0.144309315	0.230960085	0.013114783	0.110509002	0.184681222	0.289488178	0.255606743	0.023772772	0.015130162	0.053934195	0.47613237	0.03481042	0.344802594	0.194390561
Ir109	0.050500583	0.026352522	0.024932305	0.003194284	0.00730559	0.006636897	0.018438171	0.011156657	0.193354108	0.093403347	0.006032372	0	0.005414117	0.105599517	0.057981485	0.177404971	0.006586661	0	0.037101194	0.115100642	0.100194309	0	0	0.054175018	0.260866984	0	0.321603106	0.102510772
Ir110	0	0.012682868	0.00266652	0	0.007032029	0.006388375	0	0.002684723	0.108858968	0.104889981	0.005806487	0.002120237	0.002605691	0.056080127	0.111620482	0.052542108	0	0	0	0.06997288	0.060276439	0	0	0	0.292948293	0.009179031	0.119061676	0.084576136
Ir111	0.18466664	0.119919098	0.194496521	0.040492689	0.007123865	0.019415396	0.017979526	0.008159345	0.469582664	0.402269895	0.035293851	0.017183399	0.021117746	0.355078196	0.207309983	0.487926249	0.044959673	0.033825357	0.02584158	0.254010839	0.213722376	0.023284901	0.033344201	0.010565485	1.218893387	0.052693786	0.880501199	0.180881623
Ir112	0	0.016889701	0	0	0	0.006380539	0.005908659	0	1.153893517	0.980266815	0.139184817	0.124940646	0.111907239	0.766656122	0.594579121	0.537896701	0	0	0	0.407675177	0.349175658	0	0	0	0.856867357	0.030559223	0.677818766	0.384818651
Ir113	0.015939002	0.037428125	0.005246087	0.003024541	0	0.018852646	0	0	1.357549713	1.179198387	0.005711814	0.006257002	0.002563207	0.810247861	0.594753071	0.146442418	0	0.006568989	0.025092541	0.189287863	0.296468457	0.090439961	0	0.010259237	2.789093755	0.003009793	2.506376739	0.180260337
Ir114	0.00421376	0.004397694	0.005547588	0	0	0	0	0	0.46756452	0.366296426	0.006040081	0	0.002710518	0.200530541	0.193518349	0.378036448	0.019785234	0	0	0.309348505	0.206914545	0	0	0	1.012149487	0.009548312	0.470635693	0.307925278
Ir115	0	0.02664132	0.005601233	0	0	0	0	0	0.350376818	0.212460846	0	0.004453722	0.002736729	0.184063722	0.146542336	0.395488478	0	0	0	0.453200179	0.341862344	0	0	0	0.637338415	0.003213548	0.650254792	0.330643136
Ir116	0	0.008581664	0	0	0	0.006483898	0.006004373	0	0.388485991	0.212916692	0	0	0.005289307	0.273921146	0.188815824	0	0	0	0	0.005918269	0.012235557	0	0	0	0.222996454	0.009316312	0.386695111	0
Ir117	2.684235059	3.942718613	3.896564651	0	0	0.006532737	0.024198458	0.016472354	0.517094513	0.252827518	0.041563931	0.049867469	0.066614405	0.347669061	0.285357515	0	0.012966557	0.054630264	0.046952899	0.017888542	0.012327719	0.360397697	0	0	0.117687651	0.025030582	0.03652569	0.038438857
Ir118	0	0.007310818	0.002305606	0	0	0	0	0	0.443298053	0.310948365	0.030123465	0.034831965	0.011265035	0.224264667	0.136726198	0	0	0	0.008822347	0.005041842	0.010423612	0	0	0	0.452317068	0.005291104	0.452964594	0
Ir119	0.00777237	0.020279088	0	0	0	0	0.022702118	0	0.346994482	0.194067634	0.044564287	0.014238511	0.009999233	0.23201798	0.071389655	0	0	0.006406501	0	0.011188244	0.005782704	0	0	0.010005468	0.451678115	0.020547429	0.205602176	0.018030971
Ir120	0.025324105	0.071737335	0.057154723	0.01922176	0.012560476	0.011410794	0.021133809	0.038363258	1.43009021	1.231175755	0.108900127	0.196930684	0.125664506	0.882742506	0.62304608	0.621755317	0.016986687	0.005963952	0.109350744	0.25517701	0.25301275	0.013684982	0.003266177	0.111771508	1.289461222	0.043721191	0.988895747	0.243388435
Ir121	0.003594085	0.00375097	0.00236588	0	0.006239194	0.017004288	0.026244609	0.00238203	1.0624419	0.884109173	0.087581122	0.159901067	0.087852534	0.802337646	0.503432424	0.571073746	0	0	0	0.367327982	0.390408434	0	0.012979313	0	1.123224162	0	0.792284378	0.329344612
Ir122	0.011617485	0.016166162	0	0	0	0	0	0	0.396128111	0.286494788	0	0.002026914	0	0.207745833	0.195630605	0	0	0	0	0	0.00576234	0	0.031465681	0	0.600115821	0.005850024	0.466666479	0
Ir123	0.003759971	0.00784818	0.004950147	0	0	0	0	0	0.250978816	0.229490061	0.010779203	0.007872053	0.004837232	0.146401289	0.094972713	0	0	0	0	0.005412438	0	0	0.081470097	0	0.466141581	0	0.652029834	0
Ir124	0	0.023912431	0.00251375	0	0	0.030111867	0.033461888	0.022778155	2.439761188	1.963488142	0.240848321	0.337791203	0.235814961	1.539759758	1.201324772	0.598510194	0	0	0.00961884	0.137425057	0.14205786	0	0	0.009831769	1.548494005	0.034612637	1.616260403	0.132884373
Ir125	0.011338081	0.007888674	0.002487836	0.002868637	0	0.005960287	0	0.005009654	0.891144138	0.594157648	0.086678283	0.128580355	0.131278249	0.588624309	0.56409567	0	0	0	0	0.027201681	0.02811867	0	0	0	0.673533809	0.045674406	0.622065712	0.008767629
Ir126	0.011556453	0.012060902	0.010143032	0	0	0.012150208	0.022503229	0.035742968	0.654519316	0.534356703	0.01656525	0.058471671	0.056992022	0.433306821	0.256521744	0.345595201	0	0.019051183	0.033960679	0.327163545	0.361120808	0	0	0	0.467621111	0.020367499	0.271735699	0.259159476
Ir127	0	0.019927049	0	0	0	0	0.005576981	0	0.758081342	0.522654595	0.060212009	0.071955492	0.076148541	0.472500469	0.333214645	0.144468187	0	0	0	0.104443059	0.090916893	0	0	0	0.670685531	0.017306313	0.505081255	0.106307376
Ir128	0.023221376	0.02019584	0	0.002937616	0	0.006103608	0.011304416	0.005130098	0.949479944	0.637078764	0.088762521	0.131672157	0.092112993	0.673102837	0.417693494	1.033284784	0.024229633	0	0	0.540401927	0.374333006	0	0	0	0.849665875	0.005846585	0.511894765	0.444433578
Ir129	0.018799821	0.003924097	0.002475078	0.002853927	0	0.011859425	0.005491183	0.004983947	0.743157601	0.6745611	0.070064831	0.098400606	0.055628075	0.435950563	0.336721534	0.101603946	0	0	0	0.189435095	0.083923286	0	0	0	0.48556414	0.011360029	0.254181165	0.082865283
Ir130	0.00363567	0.022766222	0.004786509	0.011038327	0.006311385	0.022934792	0.03185796	0.002409592	0.879329072	0.874165151	0.067748749	0.087535974	0.070159781	0.484455746	0.442468855	0.55803187	0	0.005993519	0.059525382	0.282609322	0.275906123	0	0	0.018721006	0.563415093	0.021968997	0.66253385	0.202423729
Ir131	0.003927823	0.004099276	0	0	0	0.006194437	0	0	1.253032386	0.922616703	0.090083342	0.178860706	0.085903977	0.802069977	0.50508268	0.628347331	0	0.006475142	0	0.32228058	0.490951712	0	0	0	1.024627918	0.032634701	0.877398366	0.400931373
Ir132	0.003805502	0.003971616	0.00250505	0	0	0	0	0	1.563696727	0.992422694	0.14728179	0.171298682	0.139530648	0.879168319	0.672859698	0.32084339	0.02382447	0.025093926	0.043134899	0.290332719	0.215180404	0.028790644	0	0	0.992718406	0.005748794	0.738221804	0.163323341
Ir133	0	0.00797082	0.00251375	0.008695566	0.013258302	0	0.016730963	0.012654524	0.701804009	0.565032479	0.076633458	0.091943139	0.078604905	0.518759588	0.394595815	0.156851011	0	0	0.028856438	0.170407151	0.125010838	0	0.003447631	0	0.650959942	0.017306313	0.572425228	0.119595798
Ir134	0.139006895	0.27734879	0.129182466	0.009309741	0.007097381	0.012895491	0.035825328	0.005419355	2.016658533	1.512354908	0.210976042	0.233253634	0.231431535	1.153251105	0.751052239	1.188765553	0.006398941	0.040439534	0.087534847	0.806280879	0.942968007	0.015465581	0.003691143	0.042104893	1.288281825	0.145141353	1.261765867	0.725577647
Ir135	0.009732659	0.010157498	0.003203361	0	0	0.007674524	0.014213928	0.003225228	2.328640846	1.350077583	0.195313564	0.226691466	0.15651433	1.21688071	0.983347293	0.820563974	0	0	0	0.448322535	0.434470369	0	0	0	1.018073742	0.062486514	1.087043457	0.338678831
Ir136	1.417426024	1.276182477	0.9862293	0.008361686	0.012749211	0.063702397	0.0321771	0.055975803	2.291965882	1.555300799	0.210545952	0.286380341	0.252743292	1.366250621	0.94439482	0.500115352	0.126440413	0.121071121	0.018498946	0.465162046	0.415273469	0	0	0.094542501	1.356257372	0.055472656	1.662133771	0.447236523
Ir137	0.030391472	0.031718085	0.025007235	0.005766996	0.006594797	0.017973491	0.027740448	0.005035588	2.150488145	1.763603261	0.179700083	0.302238064	0.188163	1.189922569	0.881060495	1.552170769	0.005945816	0.012525315	0.095689807	1.328850953	1.294507107	0	0.003429764	0	1.550285257	0.063127684	1.150086754	1.255860014
Ir138	0.318457624	0.541049213	0.380261784	0.002810682	0.019284773	0.011679744	0.010815954	0.009816819	1.418855417	0.828713635	0.196393944	0.250027149	0.188175564	0.861895068	0.765276476	1.140734453	0	0	0.153901281	0.586347062	0.738356026	0.126067854	0.020058953	0.009533828	0.918158005	0.165021551	0.783641131	0.416639114
Ir139	0.018864357	0.043313089	0	0	0	0.011900115	0	0.010002099	0.945217015	0.662919893	0.129794339	0.124410133	0.092222633	0.496207589	0.329213027	0.32624797	0.011810041	0	0	0.238964421	0.325617046	0	0.003406232	0	0.516464176	0.022798052	0.554464172	0.196933035
Ir140	0	0.00804061	0	0.002923898	0	0.024300374	0.028129109	0.107228936	4.9155681	3.348628602	0.474871389	0.548424276	0.448502423	2.563181051	2.025636208	1.457330098	0	0.012700803	0.009703027	0.815135681	0.819686105	0	0.010433434	0.049589354	3.731023091	0.119295359	2.921159105	0.531723718
Ir141	0.015354815	0.012018844	0.010107648	0.008741075	0	0.006053905	0.005606181	0.035618208	0.928435758	0.631889326	0.077034774	0.168775148	0.051854624	0.558011589	0.405476355	0.244806589	0	0.044297654	0	0.237608654	0.234194866	0	0.034656758	0	0.654368434	0.028994877	0.665684396	0.231538991
Ir142	0.003858912	0.052355644	0.002540208	0	0	0.042600374	0.050721123	0.084399165	2.61263571	1.862822573	0.271040589	0.35346563	0.230850185	1.569320646	1.019025771	0.767483619	0	0	0	0.649918876	0.396207065	0	0.006967835	0.089417342	1.913633338	0.046635961	1.565222112	0.84150719
Ir143	0.003818719	0.00797082	0.00251375	0	0	0	0.011153982	0	0.655458885	0.501466873	0.032842897	0.099938177	0.036846097	0.353549207	0.184144572	0.024765934	0	0.006295281	0.02404706	0.060467029	0.073870067	0	0	0	0.562193088	0.002884386	0.538753532	0.062012692
Ir144	0	0.012146015	0	0	0	0	0.022662008	0.00514216	1.617574768	1.054726334	0.144578476	0.162439139	0.137246974	1.010350634	0.552295375	0.360613084	0	0	0	0.268044304	0.323260085	0	0	0	1.052054698	0.02344136	0.866567348	0.319484478
Ir145	0.019160113	0.003999294	0	0	0	0	0.00559641	0	0.8072287	0.588264	0.076900478	0.088252016	0.101063512	0.520566694	0.369573166	0.124261478	0	0	0	0.148936204	0.085531643	0	0	0	0.37610125	0.026049904	0.382947196	0.066673648
Ir146	0.007664045	0.007998587	0	0	0	0	0	0.002539727	1.049729422	0.730013023	0.131829392	0.086246288	0.135573089	0.570302822	0.501563063	0.099409097	0	0	0	0.159968516	0.13114852	0.02899121	0	0	0.821482543	0.034733205	0.405473866	0.053338918
Ir147	0	0.008068874	0.007634021	0	0	0	0	0	0.542881624	0.407538785	0.066493884	0.089027546	0.054705721	0.294346641	0.257423468	0	0	0	0	0	0	0	0	0	0.079875017	0.011679478	0.102259091	0
Ir148	0	0.015978649	0	0	0	0.012072678	0.011179828	0	0.195766248	0.120348037	0.027432637	0.03806465	0.0147726	0.105979723	0.079102296	0	0	0.012619738	0	0	0	0.036196952	0.017278127	0.02956374	0.009885905	0.014455372	0	0.013319238
Ir149	0.015117432	0.027610263	0.027366174	0.002868637	0.013121619	0.011920616	0.011038974	0.005009637	0.442296818	0.342514718	0.092095599	0.043519426	0.082656763	0.3891464	0.260351836	0.012255294	0	0	0	0.027201681	0	0.007148181	0	0.01946089	0.078090889	0.008563969	0	0
Ir150	0.040325623	0.022955939	0.019305609	0.005565158	0.006363987	0.00578148	0.010707807	0.007289023	0.562502698	0.339019048	0.131371682	0.069077236	0.063670006	0.329891019	0.235705271	0	0	0.018130394	0.009234057	0.005277127	0.03273014	0	0	0	0.047342504	0.022152088	0.010775082	0
Ir151	0.003779351	0.007888674	0.002487836	0	0	0	0	0	0.887868087	0.636098971	0.032504425	0.057366559	0.041328424	0.490520257	0.364492995	0.020425537	0	0	0	0	0.050613488	0	0	0	0.156181506	0.037110427	0.155516535	0
Ir152	0.003599971	0.00751424	0	0	0	0	0.005257514	0	0.986162001	0.639198354	0.087724422	0.107403205	0.05094528	0.651019258	0.173596327	0.167321801	0	0	0.009067844	0	0.03214088	0	0	0	0	0	0	0
Ir153	0.007295439	0.015227851	0.004802373	0	0	0	0.015981743	0	2.232491838	1.403303491	0.146404206	0.173743116	0.178327467	1.123624328	0.804110154	0.145884963	0	0	0	0.01575258	0.037995165	0	0	0	0.075371152	0.005510469	0.096493151	0
Ir154	0.010943159	0.003806959	0.002401195	0	0	0	0	0	0.436378759	0.303599672	0.073202103	0.043913077	0.042235467	0.287218478	0.159147227	0	0	0	0.004594066	0.005250873	0.027139438	0.006899241	0	0	0	0	0	0
Ir155	0.022559786	0.015696366	0	0	0	0	0	0	0.162973386	0.166901819	0.021558407	0.025584156	0.002418616	0.081334124	0.094972698	0	0	0	0	0	0.005594896	0.049780591	0	0	0.019422593	0.002840011	0	0
Ir156	0.007532796	0.015723259	0	0	0	0.005939869	0	0	0.610564045	0.431901681	0.053988334	0.011828301	0.02180481	0.40084874	0.276757726	0.069208954	0	0	0	0.065060374	0.084067134	0	0	0	0.272381616	0.028448717	0.188194851	0.03058161
Ir157	0.06251027	0.069316451	0.028289683	0	0	0	0.005705751	0	1.872920109	1.546362079	0.190407305	0.204491689	0.261365275	1.173032836	0.744615921	0.244932194	0	0	0.039363688	0.309316304	0.162778575	0.044336502	0	0	1.241165588	0.085578635	0.976070909	0.226587607
Ir158	0.137011039	0.150720931	0.097503	0	0	0	0.005407977	0.00490841	0.72547859	0.7465272	0.100851006	0.073651408	0.097660719	0.474202689	0.314613615	0.040025762	0	0	0	0.005330425	0.02755058	0.049026343	0	0	0.286924504	0	0.239446101	0.012885715
Ir159	0.030444037	0.051630989	0.032565679	0.002888487	0	0.012003058	0.005557678	0.017655029	0.471748337	0.36599973	0.010909753	0.017926629	0.024479048	0.220615169	0.227199882	0.049360472	0	0.006273492	0.043134982	0.032867832	0.056626577	0.028790545	0	0	0.275209272	0.008623197	0.223703847	0.030899073
Ir160	0.012763521	0.022201134	0	0	0	0	0.00621342	0	0.047946339	0.031475733	0	0.013361185	0.019157121	0.055219111	0.019538968	0	0	0	0	0	0	0	0	0	0	0	0	0
Ir161	0.028303464	0.06751752	0.042585904	0.009207079	0	0.006376626	0.035430258	0.010719163	0.199792148	0.089740412	0.017387424	0.027512406	0.031210812	0.122449996	0.074276838	0.074297874	0	0.013331175	0.361553997	0.075664669	0.066182255	0	0	0.010410101	0.010443204	0.015270291	0	0.08442068
Ir162	0.01219731	0.029702723	0.002676376	0	0	0.019236006	0.017813345	0.021557165	1.304087314	1.082855722	0.244774179	0.187270587	0.177841962	0.970957833	0.653526197	0	0	0.026810186	0.0358439	0.011705265	0.042349524	0.007689907	0.003670673	0	0.357038646	0.058348768	0.083651265	0.009432115
Ir163	0.035477091	0.049367599	0.018163878	0.00299202	0.006842996	0	0.011513732	0	0.246037166	0.160396239	0.028251955	0.05983391	0.053248514	0.156896208	0.153878105	0.021304059	0.03701756	0.051986786	0.024822777	0.017022952	0.058656161	0.022366819	0.007117667	0	0.030543491	0.029774309	0.011586109	0.009144702
Ir164	0	0.008140386	0	0	0	0	0	0	0.043950757	0.014426368	0.005590288	0.004082584	0.005017325	0.003374504	0.026866115	0	0.006103956	0.006429225	0	0.005613965	0	0.059010456	0	0	0	0.002945756	0	0
Ir165	0.112182671	0.091991052	0.068571788	0	0	0	0	0	0.364686478	0.237128005	0.051687207	0.090173711	0.048967023	0.277335863	0.119600625	0.02165327	0	0	0.015137783	0.005767352	0.005961774	0.030311357	0	0	0	0	0	0
Ir166	0.004535218	0.004733184	0.0029854	0	0	0	0	0	0.456057094	0.243254764	0.045506049	0.116315745	0.043759473	0.215828765	0.166625278	0	0	0	0	0.006528398	0.0269939	0	0	0	0	0	0.026659967	0
Ir167	0	0.01192517	0	0	0	0	0	0	0.113911936	0.052834137	0.040946993	0.065787845	0.047775443	0.064264473	0.078714105	0	0	0.009418392	0	0.016448179	0	0	0	0	0	0	0	0
Ir168	0	0.022638996	0	0	0	0	0	0	0.056413718	0.056168876	0.024875064	0.047686437	0.030697805	0.0300311	0.009962178	0	0	0	0	0.006245114	0	0	0	0	0	0	0.012751563	0
Ir169	0.008411419	0.008778584	0	0.00319225	0	0	0	0	0.178647341	0.108901055	0.114541994	0.101260506	0.097392002	0.094615109	0.096574163	0	0	0	0	0.018162212	0.012516323	0	0.011391043	0	0.032587648	0.063533698	0.098891689	0
Ir170	0	0.026436817	0.013895597	0	0	0	0.006165716	0	0.21593181	0.124936075	0.02420667	0.037566033	0.038020087	0.062101216	0.07755591	0	0	0	0	0	0.012564338	0.031940465	0	0	0.010904226	0.009566654	0.024817818	0.004897078
Ir171	0	0.02268376	0.005723006	0	0	0	0	0.005762056	0.523801238	0.297479504	0.155776703	0.211600189	0.131422525	0.315949353	0.189655528	0	0	0	0	0.012514888	0	0	0	0	0.056137262	0.003283412	0.038330329	0
Ir172	0.007855673	0.016397076	0	0.002981332	0	0	0.00573632	0	0.279208121	0.138029275	0.11823441	0.094570058	0.063164738	0.166531823	0.072154703	0	0.018442609	0	0	0	0.017533987	0	0	0.020225408	0	0.005933609	0.034634237	0.004556033
Ir21a	0.380116682	0.50798211	0.547737695	0.007037076	0	0.003655307	0.020309844	0.016897637	0.006027781	0	0.006644722	0.003639474	0.005963708	0.004010999	0	0.005010604	1.71587289	1.062223224	0	0.003336433	0.003448906	0.464685825	0	0	0	0	0	0.002688492
Ir25a	127.4144859	188.7555402	156.4314707	3.529647776	2.351008038	1.801640829	2.021587295	2.468344466	27.33996646	19.36991743	6.484112655	7.213932776	6.281811806	21.03304232	12.93645786	117.2808086	3.954515476	11.73634903	212.3928666	104.7721928	100.0169773	113.4721891	1.249723761	3.55204224	24.83028247	7.306703236	24.53331052	91.78020869
Ir31a1	5.620004998	5.580175613	4.883312378	0	0	0.005454222	0.010101697	0.004584287	0.011992387	0.006396592	0	0.025342827	0.004449338	0	0.00794155	0.033644301	0	0.005701384	0.235207281	0.014935273	0.020585006	1.792304696	0	0	0.017865141	0.005224555	0.030495529	0.004011602
Ir31a2	2.717734903	2.789806825	2.450851014	0	0	0.00541168	0.010022885	0.029565439	0.011898824	0	0	0.017960788	0.002207317	0.011876553	0.007879606	0.007418183	0	0.045255222	0.017286837	0.019758309	0.005106104	1.680969206	0	0	0.00886288	0.010367567	0.030257571	0.007960608
Ir40a	3.241176962	4.834109577	5.448854097	0.04858466	0.015152333	0.078004098	0.101979096	0.158121612	0.075666246	0.05919381	0.066728471	0.079189136	0.069247237	0.07300711	0.046766864	0.239011357	0.127504877	0.887334835	0.073286338	0.087952059	0.086587651	3.609941505	0.028894423	0.239707814	0.150293723	0.083509807	0.102619782	1.586172721
Ir41a	8.988973894	15.52750926	12.33404579	0.107193968	0	0.022272116	0.015468716	0.028079678	0.085698305	0.032650374	0.005060862	0.02956761	0.024981973	0.01221972	0.024321848	3.098806645	0.839936179	0.291017199	0.208989278	2.088826026	1.922829072	8.694442362	0.015937689	0.018180067	0.045594695	0.021334263	0.062263612	1.707743363
Ir41b	9.636488835	11.59281375	11.79218363	0	0	0	0.015386445	0.020947717	0.118730255	0.071448499	0.025169629	0.012866982	0.013554058	0.039502735	0.056448857	5.094167536	0.054964761	0.011578756	0.088458328	3.301085593	3.015217251	12.04232	0.003170571	0	0.199549237	0.037136235	0.082576523	2.672224964
Ir41c	29.67405636	37.27692538	30.76270618	0.002568535	0	0.016010224	0.004942066	0.015699406	0.005867045	0	0	0	0	0.002928031	0	12.13638618	0.063556157	0.072521533	0.362259156	8.17873241	6.294246423	12.17350482	0	0.008712464	0	0.005112011	0	5.247997098
Ir41d	0.283816528	0.303611268	0.366650574	0.005385638	0.006158687	0.005594972	0.020724736	0.007053873	0.009226385	0.019684957	0.005085351	0.014855336	0.002282078	0.003069705	0	8.938751748	0.133262983	0.17545558	0.040212871	6.266154169	7.58072647	0.147621305	0	0	0	0.013398439	0.010427483	5.362005454
Ir41e	2.171911883	1.436550898	1.921452015	0	0.006003756	0.010908444	0.010101716	0.002292144	0.047969581	0.051172834	0.168552272	0.110422258	0.135704759	0.080797045	0.087357032	0.456067022	0.005412938	0.074118023	0.770957863	0.308661455	0.252166055	2.740786821	0	0.017808512	0.384099506	0.347432332	0.284624541	0.308893373
Ir41f	22.71494187	26.45614084	21.49941965	0.082545319	0.006089933	0.044260152	0.005123348	0.009300144	0.009123361	0.006488408	0.010057122	0.003672355	0.013539575	0	0	11.17477705	3.162606238	3.614515233	0.649477877	8.913029319	6.593000359	7.159314087	0	0	0.00906077	0.01854832	0	6.665328765
Ir41g	1.003125209	0.947932843	1.027710673	0.002768735	0	0.040268971	0	0.03384619	0.006324319	0.006746659	0.005228727	0.015274131	0.004692837	0.009468734	0.025128444	15.64122856	0.005709173	0.030066914	0.326178428	10.66450754	8.956000044	0.662326726	0	0	0	0.005510449	0	7.785304903
Ir41h	0	0	0	0	0	0	0	0	0	0	0	0	0	0	0	0.019266904	0.00557963	0	0	0	0.005304723	0	0	0	0	0	0	0.004135139
Ir41i	0	0	0.01155253	0	0	0	0	0	0	0	0	0	0	0	0	0.007587867	0	0.005786299	0	0	0	0	0	0	0	0	0	0
Ir41j	2.419537006	2.762497281	2.544902551	0	0	0.023517793	0.010889291	0.037062781	0.300561436	0.193068558	0.213757296	0.150252741	0.172664443	0.245160581	0.154093119	2.409769572	0.01750494	0.036875409	0.192506539	1.915863883	1.686432877	1.805121145	0.01009749	0.009598472	0.240724857	0.351992441	0.219154137	1.565423124
Ir41k	9.392988587	9.827682652	11.16744257	0.046162628	0.005865423	0.021314246	0.049344745	0.013436017	0.108373481	0.131233333	0.06780484	0.136173992	0.078242746	0.099400143	0.062068487	5.087400845	0.285563565	0.740811459	0.123404568	3.462954063	3.609874657	8.282141854	0.009151337	0.078291788	0.148354365	0.096979081	0.119171317	2.853157257
Ir41l	18.46178749	18.04308639	18.45635186	0	0	0	0.005115195	0.011606734	0	0.006478083	0.025102907	0.001833262	0.00225301	0.006061211	0	2.010298682	0	0.005774018	0.066167643	1.199956693	0.9068536	9.141926014	0	0	0	0.002645552	0.010294665	0.637845175
Ir41m	2.123456647	3.653266368	2.86741576	0.002587107	0	0.016126039	0	0	0	0	0	0	0	0.002949203	0	2.873670964	0	0	0.00858541	1.677994391	0.989004549	3.597236134	0	0	0	0.018021479	0	1.530035757
Ir41n	0.754343986	0.768877132	0.721639068	0	0	0.022236484	0.030887879	0.016353572	0.37585686	0.162989957	0.373904987	0.39483245	0.306105733	0.362953582	0.20235679	6.587741195	0.03861927	0.040677201	0.004439455	3.937546538	3.745080795	0.686705437	0	0.018151016	0.282234355	0.418013761	0.37298314	3.565386091
Ir41o	13.3139952	16.7582121	13.20092967	0	0	0	0	0.002339971	0.003060652	0	0	0.00739189	0.002271088	0.003054923	0	2.720993875	0.011051767	0.017461099	0.026679461	1.316315358	0.882609422	6.123489403	0	0	0.036475756	0.008000339	0	1.105733322
Ir41p	21.80996374	25.35030918	20.57557172	1.651594361	1.055776906	1.33213727	0.730300989	1.092792342	1.180392927	0.793649538	1.791982015	1.568653631	1.451837397	1.198648066	0.744823056	4.104980939	0.407192082	0.518012035	4.459592162	3.122496347	2.795383803	9.739165798	2.394594288	0.956897877	1.10829422	1.408746705	1.072541135	2.629763644
Ir60a	0	0.019704709	0.006214268	0	0	0	0.004595624	0.006256666	0.081836356	0.093121235	0.112765289	0.087293648	0.064773212	0.171534881	0.014451569	0.234691887	0	0	0	0.412204215	0.159202286	0	0.005681926	0	0.36573636	0.102203786	0.351461525	0.281053214
Ir64a	2.504037881	3.589598733	2.937955357	0.378452234	0.459585303	0.267907905	0.154656322	0.228101713	0.116664037	0.142816568	0.117009217	0.073904124	0.090825415	0.116445613	0.167178798	0.150235174	0.010358973	0.07637689	0.458462022	0.190548167	0.196971594	2.895893436	0.081664193	0.096562357	0.074076712	0.074988203	0.162112276	0.176574564
Ir68a	0.593347833	0.415959379	0.512887069	0.006823763	0.010404327	0.24102616	0.236330249	0.184707967	0.051956022	0.060968117	0.025773211	0.026664693	0.032769925	0.046672903	0.068812324	0.019434891	0.037521829	0.059282006	0.079256932	0.064705973	0.049050544	1.433978299	0.002705498	0.347192415	0.046439549	0.056587371	0.04403981	0.038235968
Ir75a	11.76881353	13.33437827	10.75930302	0.059051421	0.018416655	1.756750679	1.647485937	1.582021262	0.076639343	0.058865162	0.06082802	0.037018889	0.063692817	0.058136893	0.048721882	0.103204706	0.116230131	0.07578631	0.151427032	0.111990347	0.121027747	6.200220855	0.076623788	0.97419637	0.045668067	0.050750311	0.083151705	0.311743391
Ir75b	8.464525526	10.00381217	7.574976629	0	0	0.011082672	0.005131529	0.013972569	0	0	0.00503661	0	0	0	0	0.015191925	0	0	0	0.060695295	0.020913767	4.545689554	0.012689063	0.027139369	0	0	0	0.370887435
Ir75c	19.44132482	23.69670267	17.4328581	0	0	0.011082693	0.020526098	0.027945138	0.003045985	0	0.00503661	0.001839117	0.004520402	0	0.016136782	0.300039975	0	0.011584891	0	0.055637353	0.020913767	11.11833503	0	0	0	0	0.02065504	0.900726475
Ir75d	5.930046979	9.139871927	8.636125989	0.051529233	0.053033184	0.096357931	0.074359815	0.067490905	0.079449437	0.05650315	0.077849949	0.081727194	0.080788485	0.064615452	0.038972414	0.099063808	0	0.128703512	0.029925214	0.087952088	0.060611426	10.98482879	0.027581032	0.174786868	0.02630141	0.076916915	0.039907813	0.094495513
Ir75e	18.61373676	26.95207198	22.99760368	0.149591137	0.073313068	0.260860205	0.267266717	0.244910903	0.106780148	0.162729265	0.186652651	0.121576041	0.138093191	0.094399684	0.153545053	1.16023475	0.187278962	0.307491968	0.345723687	1.160122434	0.75410183	11.22932605	0.034950701	0.30807288	0.209064688	0.188735452	0.165505067	0.653152681
Ir75f	4.782769571	9.002411707	8.817247687	0.029384041	0.018328255	0.044401766	0.00513974	0.009329936	0.036610381	0.019527553	0.025223383	0.022104747	0.013582964	0.033496668	0.040406551	0.068472899	0.319476211	0.406120626	0.079782332	0.065858465	0.020947299	2.875561099	0.012709337	0.009060948	0.0272693	0.031898946	0.03103227	0.008164407
Ir75g	6.874142465	9.451133931	11.59748769	1.156466056	1.949551407	1.02092342	0.82528441	1.069055658	0.967345439	1.54129835	0.769004785	0.894821781	0.641876178	1.110984691	1.831437513	1.476774975	0.839665382	0.97874578	1.671140664	1.029681766	1.149545759	2.130854148	1.084943413	1.648283758	1.644287647	1.123812549	1.66093903	0.883647801
Ir75h	2.584506263	5.100531726	4.58582834	0.01304336	0.011932458	0.211385195	0.125482079	0.157169402	0.002979354	0.012713219	0.014779341	0.008994424	0.011053838	0.002973777	0.00789191	0.00371489	0.005379104	0.022662998	0.108211436	0.009894638	0.005114077	6.168869293	0	0.327397686	0	0.01297976	0.020203328	0.031892259
Ir75i	2.848457999	4.174155896	4.056585239	0.086259845	0.070003785	0	0	0.009718706	1.213987991	1.376418983	0.441408565	1.212690167	0.679146869	1.32908116	1.52366615	0.903462237	0.017213136	0.066478082	0.38783069	0.453832801	0.447311014	2.988437958	0.016548631	0.028315469	0.605984004	0.87500698	0.829681103	0.497518762
Ir75j	0.007303556	0.015244676	0.007211564	0	0	0	0	0	0.003165666	0	0	0.003822757	0	0.003159741	0	0	0	0	0	0	0	0	0	0	0	0	0	0
Ir75k	9.088575334	10.28820194	7.541151347	0.042468552	0.018211768	0.181992428	0.188961218	0.22713009	0.018188741	0.038806692	0.020050415	0.014642786	0.024743665	0.01512891	0.016059868	0.003779861	0.10399045	0.328594994	0	0.030202966	0.010407037	4.325590849	0.022099904	0.297110032	0.018063866	0.023772117	0.020556591	0.032450031
Ir75l	2.497006919	3.273746688	2.797942121	0	0	0.016362687	0.040406853	0.016045028	0.050967686	0.057569292	0.039659419	0.018102041	0.064515425	0.065834669	0.039707825	0.14953026	0	0.017104173	0.06969103	0.074676221	0.092632474	1.779222408	0	0.124659395	0.071460564	0.049633164	0.193138282	0.080232031
Ir76b	56.6023094	123.4135903	132.1303572	1.008285702	0.312470032	0.800512845	0.467918217	0.815988314	23.18105653	12.51098703	3.436735587	4.612686201	3.16787228	18.61476434	7.514249899	132.70169	12.15344296	14.07108057	56.27942079	93.65125735	71.58832026	119.4621847	0.061752635	0.324399926	25.4301389	2.773540601	23.32070743	90.57598347
Ir7a	0.010961371	0.038132815	0.02886219	0.063786657	0.025371362	0	0.026680568	0.002421601	0.015837111	0.006757863	0.026187051	0.024861704	0.016452207	0.022130455	0.016780156	0.003949388	0.017155961	0.162631549	0.07822882	0.026297963	0.032621385	0.048374887	0	0	0.028311157	0.030357911	0.021478558	0.004238172
Ir7b	0.006982791	0.051013175	0	0	0	0.022024646	0.010197893	0	0.278451603	0.200182676	0.125115753	0.100509228	0.060638103	0.241678547	0.1042233	4.143695231	0	0.017267032	0.123120759	3.342188894	2.935316824	0.00660356	0	0	0.315616921	0.065928763	0.082095737	2.207144354
Ir7c	0.04032565	0.068867887	0.021718784	0	0	0	0.026769518	0.014578046	0.584747875	0.515309319	0.262743365	0.303172611	0.27354501	0.459944536	0.311467203	9.668615786	0.005737719	0.012086922	0.184681139	6.353657314	5.329545947	0.069337376	0.006619441	0.066069405	0.549174042	0.445810334	0.592630689	5.315368803
Ir7d	0.024754132	0.02952534	0.020950581	0	0.006138893	0.005576989	0	0.002343737	0.395458942	0.248541351	0.116587072	0.257281472	0.143308488	0.324342889	0.227368378	5.229033469	0.011069531	0.058297145	0.017814896	3.283353193	3.067790324	0.033442457	0	0.018209289	0.347077171	0.280462317	0.322212695	3.084627514
Ir7e	0.014145239	0.051669272	0.034917659	0.091261371	0.092083275	0.189617489	0.191087722	0.166405096	0.009196719	0.013081117	0.045620982	0.011105677	0.020472697	0.015299172	0.02436088	1.463975536	0.293342425	0.332293922	0.093528246	0.865380648	1.057676911	0.060196448	0.003192661	0.109255836	0.082202554	0.008013203	0	0.229706208
Ir7f	0.027975586	0.04014556	0.027623281	0	0	0	0	0	0.015157258	0	0.005012594	0.034776544	0.008997729	0	0.024089863	2.06380098	0.010946361	0.017294466	0.03082914	1.20811713	1.066720242	0	0	0	0.009031967	0.021130742	0.030834964	0.22309357
Ir7g	0.263379888	0.304594012	0.199147618	0	0.006178619	0.00561308	0.015593891	0.01415344	0.070964617	0.111909269	0.096934455	0.068928209	0.034341972	0.043114971	0.065382788	4.620408544	0	0	0.04930814	4.098732043	3.770847905	0.053854297	0	0.027490707	0.128698142	0.032260306	0.177840953	2.955965315
Ir7h	0.187903983	0.372986256	0.215854174	0	0	0.046484138	0.032284784	0.019535049	0.121370129	0.115845772	0.073937711	0.067495898	0.035549949	0.095639159	0.109984409	7.092760206	0.005766544	0	0.232011924	4.423230788	4.221470879	0.04181149	0	0.018971768	0.123709053	0.050092599	0.249071905	3.73518927
Ir7i	0.007153104	0.011198049	0.002354339	0	0	0.022561838	0.010446625	0.004740821	0.018602821	0.019845022	0.010253391	0.011232068	0.025306966	0.021662635	0.016425437	11.11447097	0.022391063	0.011792122	0.171168006	8.366172657	6.950491758	0.013529223	0	0	0	0.032417688	0.010512259	6.998658733
Ir7j	1.114309424	1.310685957	1.36429375	0.013775157	0	0.011448466	0	0.007216849	0.729992013	0.402795673	0.598325616	0.607940872	0.464625711	0.656390731	0.42506972	9.447352034	0.039766388	0.077787254	0.201137824	7.23122495	6.573028443	0.123571461	0	0	0.478113485	0.394789459	0.544087776	4.92171659
Ir7k	0.03208467	0.018602927	0.011733569	0	0	0.011244371	0	0.002362731	0.006180841	0.006593576	0.005110086	0	0.002293178	0.006169272	0	7.814640732	0	0	0.220001442	5.141987625	5.140271298	0.020228123	0	0	0.036830581	0	0.010478201	4.201299362
Ir7l	0.003513706	0.025669594	0.027755661	0.002667005	0.006099659	0	0.005131529	0.006986265	0.009137954	0.00649877	0.00503661	0.005517343	0.004520402	0	0.008068406	1.264725463	0	0	0.01327578	1.001473115	0.799953774	0	0	0	0.00907524	0.007961986	0	0.880348103
Ir7m	0.040732924	0.069563549	0.039001174	0.005621345	0.006428262	0.017519574	0.021631869	0.017179473	21.38874091	14.44427221	12.38873436	21.95007637	19.2749067	0.150591303	0.119043014	7.809036653	0.034773992	0.11598562	0.027981991	3.747285141	4.595435671	0.042022576	0	0	21.89233754	24.13793867	12.93009486	3.08828466
Ir7n	0.84740937	1.13818371	0.965279309	0.008389654	0.019187863	0.023242058	0.010761601	0.021976955	1.299937076	1.785389867	0.374970989	1.355704639	1.291649137	0.035067605	0.01692062	8.582214792	0.005766544	0.091107442	0.194889953	4.518703445	4.353052811	0.452957445	0.013305426	0.066401393	2.007895467	1.085340186	1.256188738	3.824924829
Ir7o	0.014077338	0.014691805	0.00231667	0	0	0.011100467	0.010279519	0.006997456	0.027457737	0.019527553	0.020178714	0.007368241	0.022638242	0.003045148	0	10.10736302	0.055082023	0.005801725	0.066485276	6.433865365	5.493425629	0	0	0	0	0.023924235	0	5.270125205
Ir7p	0.003690572	0.019258328	0.002429395	0	0	0.023281146	0.00538983	0	0.012797219	0.061433079	0.021160571	0.011590164	0.014243833	0.003193319	0	7.008924414	0.017328643	0	0.116200473	4.372222116	3.64644565	0	0	0.009501837	0.009532052	0.002787592	0	3.886993749
Ir7q	0.025877436	0.027007035	0.026768255	0.030865581	0.096261891	0.029150333	0.048590041	0.031851171	0.016023435	0.013674754	0.005299025	0.038698738	0.026157606	0.01599342	0	3.931919968	0.034715639	0.012188503	0.069837497	2.016837307	2.326863675	0	0.003337536	0.028553387	0.019096179	0.002792277	0	1.650893034
Ir7r	0.036967773	0.027006994	0.034068697	0	0	0	0.016196648	0.007350259	0.076912422	0.047861577	0.010598068	0.023219254	0.00475593	0	0	5.498281031	0	0	0.121051405	3.288664934	3.674577183	0.090895944	0	0	0.057288436	0.022338228	0.021731276	2.933009796
Ir87a1	6.85546802	9.595859709	9.353054641	0	0	0	0.009257455	0.027307539	0.008242586	0	0.009086227	0.019907006	0.006116227	0	0.007277841	0.130181816	0.014881657	0.088823229	0	0.031936463	0	6.50411385	0	0	0	0.004787912	0	0.00735267
Ir87a2	21.94131174	27.12885574	25.27951467	0.002433742	0	0.010113365	0.009365419	0.010625375	0.002779576	0.005930373	0.013788281	0.003356523	0	0.002774373	0.007362725	0.072781698	0.05520254	0.005285835	0	0.050771107	0.023855727	10.94640066	0	0	0	0.007265641	0	0.01859603
Ir8a	37.24616117	62.21968842	48.22016299	0.021919648	0.008355341	0.447842417	0.706433949	0.558240197	0.039637792	0.031157093	0.048294208	0.030230749	0.065016801	0.041645922	0.033156378	0.366774083	1.389857681	1.721793806	0.254593399	0.19745913	0.132496084	31.70702615	0.019554173	1.121466316	0.01243129	0.032719133	0	0.131197784
Ir93a	6.691858764	9.072057759	7.77800781	0.120344848	0.004368863	0.071441556	0.117614301	0.140109218	0.12653735	0.139641882	0.075756706	0.163340805	0.089037603	0.141543742	0.127137467	0.021762328	0.252092126	0.178399776	9.591165971	2.101188743	1.73012758	6.49263159	0.031809667	0.038877047	0.702014036	0.634907291	0.488207683	0.796940218
Or10	31.65988895	41.1070795	29.37039693	0.075484782	0.071086985	1.854377597	3.613876243	2.275878988	0.141994801	0.162296487	0.058697993	0.171468212	0.086549103	0.16197586	0.1611966	0.607028793	0.833189798	0.163945096	0	0.202102629	0.121867372	17.32694292	0.0211259	3.569558196	0.211530089	0.048604925	0.171942505	0.393564191
Or100	54.48774192	69.8762778	64.04233373	0.068888962	0.009267929	0.058937366	0.015593872	0.060152108	0	0	0	0.005588766	0	0	0	0.040394945	0	0.017602299	0.040343016	0.130647173	0.015888376	6.099002235	0.009639954	0.054981431	0	0	0.015691845	0.012385311
Or101	6.678054191	6.103185582	4.420334616	0.004013331	0.009178819	0	0	0.003504335	0	0	0	0	0	0	0	0	0	0	0	0	0	0.620036563	0	0	0	0	0	0.006133121
Or102	4.410475039	4.183999178	4.533586391	0.004291892	0	0	0.008257942	0.011242717	0	0	0	0	0.007274495	0	0	0.006111905	0	0.102536992	0	0.016279043	0.042069515	1.711151325	0	0	0	0.004270964	0	0.032794054
Or103	80.74929088	73.58508677	49.43661953	0	0	0.057952689	0.03833341	0.090460362	0	0	0	0.002747704	0	0.009084577	0	0.056742992	0	0	0	0.27959962	0	2.879401416	0	0	0	0	0	0.085248858
Or104	89.96615239	108.8768276	88.72252701	0	0	0.085440579	0.071209473	0.096947564	0.028179127	0.040081058	0.015531625	0.031192484	0.017424745	0.032814112	0.049761887	0.491902955	0	0.026793738	0.006823201	0.140376721	0.06449289	7.275297396	0	0	0	0.032737076	0.015923753	0.012568367
Or105	88.51878391	96.80945932	42.99876546	0	0	0.024836889	0	0.041750915	0.154727299	0.14564043	0	0.005495408	0.013507277	0.163522207	0.036163357	0.039720059	0	0	0	0.136021036	0.039057369	1.241120009	0	0	0	0.007930336	0.046289005	0.018267591
Or106	3.995717591	5.346775596	4.140028406	0	0	0.043578932	0.008071206	0.003662823	0	0	0	0	0	0	0	0	0	0.036442988	0	0	0.024670913	1.494758146	0	0.028457737	0	0	0	0
Or107	2.899445833	2.745924234	2.376249177	0	0	0.008298767	0	0	0	0	0	0	0	0	0	0.011375774	0	0	0	0.007574816	0	0.139338102	0	0	0	0	0	0
Or108	0.015786492	0.005491853	0.024247468	0	0	0	0	0	0	0	0	0	0	0	0	0	0	0	0	0	0	0	0	0	0	0	0	0
Or11	109.231911	181.4119552	163.4223156	0.091210333	0	0.107115187	0.03815128	0.328958022	1.490102482	1.652417242	1.632628387	0.899700329	1.367838384	1.419502698	1.055754922	2.947915201	4.203118017	5.805173182	0.006580098	1.368792548	1.041766148	53.43082607	0.004716948	0.067257704	0.445311926	0.595896383	0.368554456	0.375737784
Or110	11.17596259	14.52237616	13.2208849	0	0	0	0.00764843	0.013883828	0	0	0	0	0	0	0	0	0	0	0	0	0.038964392	3.258852676	0	0	0	0	0.015392966	0
Or111	71.68208888	92.37306156	75.75375386	0.020485229	0	0.063844521	0.039415214	0.035774321	0	0	0	0	0	0	0	0	0	0	0	0.155399582	0.020079827	10.74516157	0	0	0.034853403	0	0	0
Or112	48.35929051	52.06450473	49.21541797	0.023907531	0.009113101	0.049673778	0.015333364	0.062626361	0	0	0.00752487	0	0	0	0	0.209949248	0	0.01730826	0.158676171	0.098237621	0.031245934	3.931874129	0.018957815	0	0	0	0	0
Or113	137.7702906	161.4230629	152.4396001	0.028644165	0	0.034008743	0.07873373	0.107191425	0.004673497	0.029913471	0.007727741	0	0	0.009329498	0	0.22726369	0	0	0	0.356981866	0.120331283	11.31830108	0.029203439	0	0	0.004072069	0	0.018760157
Or114	1.284427021	1.647690072	1.525424429	0	0	0	0	0.010640901	0	0	0	0.008403561	0	0	0	0	0.025128676	0	0	0	0	0.769290221	0	0	0	0	0	0
Or115	10.65172538	13.05654472	13.40990311	0	0	0	0	0.010589382	0	0	0	0.011150488	0	0	0	0	0	0.008779861	0.03353775	0.053665683	0.007924972	1.380030397	0	0	0	0	0	0.006177676
Or116	3.863846973	5.111158035	9.11666296	0.004023003	0	0	0.015481196	0.00351278	0	0	0	0	0.010228135	0	0	0	0	0.017475132	0	0	0	0.992441709	0	0	0	0.008006794	0	0.012295803
Or117	16.74418064	15.44858671	2.677609715	0.007988257	0	0.016597575	0.007685021	0.003487567	0.027370153	0.019465224	0.00754287	0.011017092	0.020309413	0.013659461	0.024166626	0.034127249	0	0	0	0.030299246	0.007830169	0.308534948	0.004750798	0.013548074	0	0.015898591	0	0.024415163
Or118	6.530882407	6.418221543	5.233817202	0.027737727	0	0.008233111	0.022872664	0.062279545	0	0	0	0.016394931	0.003358123	0	0.011987716	0.056428723	0	0	0	0.007514888	0.031072923	1.165131159	0.037705742	0	0	0	0	0
Or119	3.567872194	3.626609003	3.392074024	0.01959564	0.035853446	0	0.007540707	0	0	0	0.007401225	0	0	0	0	0.011162152	0	0.00851193	0	0	0	1.904334114	0.01398476	0	0	0.003900014	0	0
Or120	0.010817611	0.02257959	0.014241811	0	0.00938948	0.017060089	0.007899194	0.003584762	0.004688821	0.010003849	0.007753081	0	0.003479236	0	0	0	0	0	0	0	0	0	0	0	0.013969926	0.004085422	0	0
Or121	22.57851284	22.07385943	16.96726801	0	0.009113101	0.041394763	0	0.010437734	0	0	0.00752487	0	0.003376825	0	0	0	0	0	0.059503491	0.03022696	0	2.343237273	0.014218354	0.027031487	0	0.007930336	0	0
Or122	26.30485651	21.56199917	19.136958	0.012069014	0.009200939	0.033435086	0	0.035127783	0.013784033	0.009802972	0.045584443	0.008322564	0.01704688	0.018344285	0.024341394	0.040102936	0	0.026212677	0.300384883	0.038147933	0.007886776	2.255551494	0.004785143	0	0.027378888	0.04403724	0.015578423	0.030739492
Or123	2.193871843	4.340760989	3.189184014	0	0	0.009010093	0	0.007573006	0.019810773	0	0.024568213	0	0.007350076	0.014830278	0.01311903	0	0	0	0	0.008224089	0	0.086446568	0.015474023	0	0	0.008630668	0	0.019880853
Or125	8.48819522	12.93444892	12.02944841	0	0	0.009057141	0.01677458	0.011418843	0	0	0	0	0	0	0	0	0.008988586	0.075740622	0	0	0.025637204	3.573672539	0	0	0	0	0	0
Or127	0	0	0	0	0	0	0	0	0	0	0	0	0	0	0	0	0.051382471	0	0	0	0	0	0	0	0	0	0	0
Or128	0	0.006154409	0.003881822	0.022379972	0.010236967	0.130199543	0.00861217	0.054716502	0.005112031	0	0.008452868	0	0.007586538	0.005102463	0	0	0	0	0	0	0.008774829	0.022306912	0	0	0	0.004454169	0.051997769	0.006840157
Or13	24.93422482	26.92321635	27.2469028	0	0	0.186785942	0.131788255	0.153256193	0.0048892	0	0	0.005904034	0.003627922	0	0	0.780317865	0.008827254	0.009297643	0.092340652	0.527711786	0.595855328	4.736272609	0	0.130686702	0.029133838	0.004260014	0.016577039	0.340183557
Or130	2.175671188	3.643007814	4.800164588	0	0	0.452463388	0.349168463	0.221839882	0.165807929	0.132660185	0.068541772	0.137654283	0.092275436	0.206872027	0.054900304	0.025842742	0	0	0.210777441	0.034416036	0.10672868	0.723520683	0.043170327	1.723549703	0	0.162528596	0	0.138662174
Or131	6.114838203	3.879553025	5.299383934	0	0	0	0.032123364	0	0	0	0	0.011512867	0	0	0	0.118876798	0.20655782	0.036260766	0.027702171	0.031662707	0.032730081	0.041602351	0	0	0	0	0	0
Or132	42.49940798	64.55141595	48.60046773	0.074463335	0.008963359	0.195430158	0.143273365	0.188213968	0.102948706	0.066848951	0.096215958	0.078374104	0.07971211	0.102756051	0.071138396	1.718967704	0.137381465	0.212798188	0.390171421	0.535144614	1.213933094	43.00867796	0.186463512	0.2392858	0.093351676	0.097500346	0.121409457	0.227587467
Or133	3.826596404	4.466940657	3.660846687	0	0.009841214	0	0	0.003757227	0.673273126	0.859780694	0.55257293	0.495528459	0.299023152	0.515046467	0.442598258	0.140936269	0.097600349	0.009345573	0.178493603	0.636518888	0.16027639	2.112286584	0.010236264	0	0.424618618	0.488144218	0.383237153	0.07233294
Or14	10.44660343	10.30962672	9.824372854	0	0	0	0.016431406	0.018641968	0	0	0	0.00294447	0	0.004867567	0.012917714	2.037017378	0	0	0	1.465717574	1.163550648	4.639045322	0	0	0	0	0	1.220224653
Or15	11.66734465	12.8518075	11.06491987	0	0	0.00887183	0	0.007456796	0	0.010404688	0	0	0.003618643	0	0	5.96510429	0	0	0	3.749318839	3.658068441	4.947593625	0	0	0	0	0	2.845014787
Or16	40.05867779	44.21728916	35.27004194	1.394758919	2.180575775	4.852977401	3.29244312	4.653338739	1.863991766	1.97831685	1.659018329	1.490069947	1.820654919	1.689640797	1.876740389	3.05343907	1.219085572	2.531926854	5.250294074	2.668825976	2.203773244	23.75798217	1.391568321	5.084069997	1.983429111	1.570258221	1.708965258	2.106002601
Or18	0	0.063499274	0.025487307	0	0	0	0	0.010997697	0	0	0	0	0	0.004785965	0	0.005978704	0	0	0	0	0	0.261540928	0	0	0	0	0	0
Or19	0	0	0.058256578	0	0	0	0	0.010997684	0	0	0	0	0	0	0	0	0	0.009118392	0	0	0	0.020923299	0	0.014240812	0	0	0	0
Or2	23.08684048	25.25761995	22.06829999	0.022142552	0.050641803	0.055207787	0.042603968	0.042535378	0.596819843	0.420851426	0.058542311	0.051914812	0.018765109	0.575508373	0.267948227	1.166693314	0.036526562	0.028854751	0.279226526	1.058223825	0.972353431	14.74292265	0.042139697	0	0.482216833	0.057289851	0.274378674	0.636152845
Or20	1.739722533	2.434371608	1.316621826	0	0	0	0.01618306	0	0	0	0	0.005799935	0	0	0	0.017966219	0	0	0	0	0	2.494046777	0	0	0	0	0	0.012853284
Or21	0	0	0	0	0	0	0	0	0	0	0	0	0	0	0	0	0	0	0	0	0	0.010479197	0	0	0	0	0	0
Or22	4.302598774	6.427663325	6.194269118	0.052936816	0.037252661	0.296124303	0.297728948	0.288005119	0.065109779	0.029767502	0.084590621	0.05054435	0.075920899	0.069629986	0.049276402	0.289942783	0.226709694	0.291854823	0.243239043	0.177620271	0.159659166	3.561567491	0.009686994	0.718245946	0.263271455	0.153983756	0.063073669	0.34848133
Or23	22.13770355	28.77182905	22.31520356	0.012428384	0.009474912	0.025822972	0.039855337	0.090434384	0.160870454	0.11104359	0.039118122	0.025711147	0.035108924	0.056671533	0.062665343	0.306777772	0.017085008	0.044988596	0	0.117851405	0.097459413	10.9425566	0.054203919	0.12647115	0.014097035	0.02885816	0.032084592	0.050647724
Or24	6.904245935	7.425909638	4.936091216	0	0	0	0	0.007362636	0.004815121	0	0	0	0.003572954	0	0	0.018011582	0	0	0	0.007995643	0.008265182	1.29219485	0	0	0	0	0	0
Or25	6.489052969	6.971140818	5.654865097	0.026292044	0	0.09104679	0.075882001	0.153050166	0.02001876	0.01067778	0.008275384	0.003021754	0.007427244	0.009990642	0.026513532	0.01248047	0.063250348	0.713796436	0.058167387	0.033241696	0.034362299	1.648808893	0	0.178365101	0	0.013081926	0	0.013393054
Or26	9.583118195	17.9301569	14.99229567	0	0	0	0.015593872	0.017691761	0.009256245	0	0.007652714	0.002794386	0	0	0.012259278	0	0	0.026403448	0	0.007685126	0.039720949	4.44297824	0	0	0.027578125	0	0	0.024770636
Or27	13.33180521	24.86598917	22.33035894	0.01274461	0.009715998	0.008826676	0.016347757	0.014837678	0	0	0	0	0.007200443	0	0	0.108894733	0.026279574	0.064586617	0	0.088623436	0.099939211	8.712164981	0	0	0	0	0	0.220729973
Or28	7.550969027	8.415244452	6.876705288	0	0	0	0	0.007381284	0.019309223	0.020598601	0.039910426	0.017487913	0.01074598	0.014454851	0.038360709	0.006019067	0	0.091799516	0	0.016031769	0.008286106	4.676312745	0.010054858	0.028673841	0	0.01261825	0.016367203	0.006459188
Or29	37.35285626	57.95628669	56.9766415	0	0	0.009010093	0.016687462	0.117381502	0.009905392	0	0	0	0.003675038	0.014830266	0	0.23466519	0	0	0.280619476	0.098689052	0.093514616	42.17509082	0	0	0	0.004315339	0	0.278332092
Or3	2.33856316	3.210045997	2.812300414	0.004586665	0	0.028589695	0.00882511	0.012014865	0.015715285	0	0	0.009488637	0.00777411	0.005228623	0	0.045721779	0	0	0	0.121779738	0.044958913	1.9086799	0.005455589	0	0	0	0.017761112	0.063083475
Or30	32.62236853	32.09057055	20.04900394	0.091066154	0	0	0	0.022719005	0	0	0.016378789	0	0.007350067	0	0	0.166735859	1.555888774	2.420527142	0	0.131585372	0.00850133	4.106214778	0	0	0	0	0	0
Or31	28.0878569	30.62397467	24.29623109	0.537576111	0.259890243	0.16345526	0.185003776	0.106854659	0.0449243	0.042599278	0.057776	0.030138413	0.02963118	0.019928983	0.013222052	1.580872325	0.063084792	0.037969412	0.42786101	0.704537101	0.796832303	13.21039037	0.488660566	0.088949118	0	0.017396907	0.067696771	0.614467913
Or32	7.174279732	8.706603648	6.909503705	0	0	0.017973543	0.066577036	0.105747592	0.029639215	0.021078978	0.008168188	0	0.007331034	0.044375606	0.013085043	0.049275238	0.142699738	0.037576054	0	0.016405567	0.008479306	4.268018547	0	0.058684909	0.176614733	0.012912478	0.016748822	0.039658742
Or33	7.081448603	7.424897281	5.185069372	0	0	0.008650585	0.01602164	0.007270838	0	0	0	0.008613141	0.003528402	0	0.012595573	0.124509407	0	0	0	0.023687829	0	2.593665369	0	0	0	0	0	0
Or34	0.518225753	0.444696209	0.477585822	0.187933112	0.099957786	0.526689173	0.521374278	0.290034075	0.114806544	0.106498194	0.132059429	0.213982733	0.24816113	0.134520637	0.132220518	0.112030221	0.937259772	0.588525879	0.57289864	0.381278901	0.317019303	0.250485508	0.067580717	0.548519559	0.163591938	0.191365972	0.18616612	0.300554957
Or36	18.27382227	33.6613979	27.5692314	0	0	0.041394815	0.023000046	0.013916979	0.013652419	0.019418773	0	0.013738502	0.003376825	0.027253701	0	0.051068657	0	0.025962336	0	0.083124093	0	3.455282947	0	0	0.013558722	0.007930336	0	0.00608921
Or37	0.302799398	0.518744364	0.492668307	0.026018882	0	0.063070578	0.00834374	0.003786503	0.034668856	0.073967805	0.024568194	0.029903557	0.055125553	0.108755249	0.01311903	0.148209589	0.330849899	0.169531073	0.043172297	0.01644816	0.017002659	0.28095094	0	0.058837303	0.221341668	0.047468733	0.235092495	0.039761706
Or38	43.58325166	60.87869373	55.81664513	0.057855573	0.037805945	0.008586355	0.03975675	0.039692691	0.009439549	0	0.015608525	0.008549186	0.007004407	0.014132843	0.025004103	1.053411322	0.017042767	0	0	0.407540294	0.70483188	13.57226878	0	0	0	0.004112392	0.032005266	0.410493838
Or4	110.1573849	135.2596173	111.9772291	0	0.009381793	0.093753582	0.063141747	0.182673198	0.018739921	0.01999132	0.015493468	0.042430717	0.0208583	0.023381058	0.037229652	25.70884876	0.008458549	0.044546396	0.462837252	15.71467956	14.29832055	52.70307542	0	0.083485363	0.027916946	0.032656581	0.015884633	12.43091385
Or40	0.705799007	0.479299547	0.470971277	0	0	0	0	0	0.046098124	0.017882348	0	0	0	0.012548688	0.02220141	0.161985487	0.015132439	0	0	0.006958846	0.014386849	0.256014466	0	0	0.012485948	0.021908619	0.071044371	0
Or41	10.12141733	13.61625437	9.143207234	0.008474866	0	0	0.016306298	0.00370001	0.004839564	0	0	0	0	0	0	0.07241223	0.043688197	0.009203253	0	0.048217349	0	6.440981388	0	0.028746725	0	0	0	0.012951181
Or42	3.344961346	3.14008935	2.595754063	0	0.009892201	0	0.008322125	0	0	0	0	0.002982611	0	0	0	0.006159408	0	0.018788027	0	0.016405567	0	1.584339745	0	0.02934254	0	0	0	0
Or43	1.65111658	1.902066546	1.594592485	0	0	0	0.016687481	0.007573006	0	0	0	0	0	0.004943426	0.01311903	0	0	0	0	0	0	0.853658625	0.005158012	0	0	0	0	0
Or44	7.499089702	9.670037266	7.190832436	0	0	0.008986751	0.008322125	0.022660161	0.029639181	0.010539465	0.032672791	0.005965223	0.003665517	0.01479188	0	0.104710254	0	0.018788027	0	0.065622229	0	2.823789834	0.005144649	0	0.044153598	0.034433295	0	0.00660979
Or45	9.598176528	11.07848802	8.815383346	0	0	0	0.00834374	0.003786503	0.004952696	0	0	0	0	0	0	0.172911187	0.053651405	0.037673523	0	0.032896329	0.017002659	4.938258048	0	0	0	0	0	0.013253917
Or47	74.64294526	69.13622393	71.16992017	0.108411979	0.01983579	0.522584892	0.625779908	0.537682894	0.341735752	0.422673343	0.098272737	0.19138283	0.172726585	0.252114656	0.288618631	27.20264211	1.582714528	1.798912918	0.661974782	20.03387925	17.75078136	26.94971355	0.07737015	1.779830118	0.619756364	0.099252786	0.839615484	16.26914922
Or48	1.024993446	1.087082391	1.360388277	0.042054027	0.028854317	0.113590635	0.145647541	0.165242315	0.537935512	0.471383025	0.190604719	0.130498645	0.171069934	0.287640193	0.330784642	0.173673233	0.008671613	0.091336984	0.411695447	0.207363076	0.140154145	0.806898368	0.685287935	0.370882449	0.357752761	0.138101906	0.211701557	0.199226137
Or49	0.124504506	0.095288857	0.147523942	0.006300165	0.014408996	0.013090116	0.072732122	0.044009103	0	0.030703603	0	0.01303343	0.026695992	0.021545844	0.019059695	0.071774505	0	0	786.167949	175.85368	171.691116	0.062796107	0	0	0	0.012538891	0.024396361	52.66428258
Or50	9.814846284	9.91361595	11.50774129	0	0	0.009057141	0	0.011418808	0.004978558	0.010622017	0	0	0.003694228	0.009938456	0.013187534	0.099322792	0.035954386	0.009467572	0	0.140539531	0.085457313	6.245787956	0	0	0	0.004337873	0	0.139892577
Or51	3.533635271	5.867609341	7.353544417	0	0	0	0.008243814	0.011223483	0	0	0	0	0	0	0	0.091521589	0	0.05583355	0	0.073130383	0.04199762	2.679777329	0	0	0	0	0	0.09166633
Or52	65.70600246	100.7885746	69.2737219	0	0	0.032880453	0.038060914	0.124362247	0.004518452	0	0	0	0	0	0	0.146482638	0	0	0	0.157563319	0.015511914	8.182458361	0.004705766	0	0	0	0	0
Or54	8.054024267	7.994007386	9.305443573	0.004216026	0	0	0.00811197	0.003681322	0.019260474	0.010273317	0	0.008721872	0.014291806	0.009612217	0	0.480308924	0.034774012	0.036627048	0	0.215882759	0.148773097	3.37231488	0	0	0.014346225	0.016781854	0	0.161071724
Or55	5.227505112	5.274615867	6.001681635	0.029737466	0.019431995	0.194186947	0.138956135	0.096444963	0.10188938	0.134572612	0.096272303	0.070307682	0.050403185	0.193711841	0.089963834	2.038746147	0.946065431	0.931894285	0.007048902	0.700930398	0.616291684	2.297129757	0.025265089	0.345837859	0.130101591	0.097232389	0.16450486	0.636221426
Or57	1.402664634	2.992681858	2.879158676	0	0	0.010897017	0	0	0.011979813	0.012779783	0.009904457	0	0.013334031	0.01195739	0	0.059749451	0.043258143	0.011390823	0.069618063	0.139249686	0.154225607	2.156353502	0	0	0.05353918	0.010438144	0.020309031	0.136251581
Or58	2.08877035	1.902395046	1.360388277	0	0	0.008737751	0.02427459	0.018360237	0	0.010247443	0.015883718	0.002899971	0	0.004794004	0	0.035932437	0.043358024	0	0.15351334	0.12760793	0.090687913	1.519482448	0	0.014264733	0	0.004184902	0	0.109252917
Or59	38.11553248	45.44954153	52.53828028	0	0	0	0.015406914	0.031463368	0	0	0	0	0	0	0	0	0.008255709	0.043478153	0	0.068336803	0.007848953	7.442539013	0	0	0	0	0	0
Or6	14.97258948	15.14286857	11.08257334	0.079502221	0.019139797	0.069551552	0.032203871	0.043843657	0.009557834	0	0.015804113	0.008656287	0.01418434	0.009539944	0.012658713	8.741447091	4.400352751	0.490747791	0.166630137	4.880342583	4.429651097	10.33282362	0	0	0	0	0	4.354607113
Or60	0	0.005531555	0	0.004023003	0	0	0.015481196	0	0	0	0	0	0	0	0	0	0	0	0	0	0	0	0	0.013646017	0	0.008006794	0	0
Or61	0.015636826	0.005439795	0.006862174	0.007912536	0.00904831	0	0.007612175	0	0	0	0.007471371	0.010912689	0.010058463	0.013529983	0.023937581	0.005633957	0	0.008592603	0	0	0.007755947	0	0	0	0.040387026	0.007873954	0	0.296249812
Or62	13.46981134	9.504857737	6.301895291	0.329934359	0.209102272	0.10737015	0.053538939	0.048593404	1.470951336	1.162352242	0.870806585	0.693513726	0.700707279	1.101148267	1.070293875	0.611364626	0.065573813	0.04316759	0.277021874	1.138350185	0.71694464	0.554699257	0.208039561	0.337089056	1.055062843	0.597314691	0.754255566	0.72289028
Or63	18.39695483	17.18286501	15.31783865	0.008265084	0	0.008586355	0	0.010825284	0.141593191	0.120838592	0.007804262	0.019948075	0.010506628	0.056531264	0.025004103	0.011769992	0	0.008975452	0	0.125397013	0.048609129	3.748337687	0	0.07008795	0.112497212	0.004112392	0.080012932	0.126305873
Or64	25.41381492	21.81942717	19.22040595	0	0	0	0.015746754	0.021438282	0.028041026	0	0	0.005643565	0.003467864	0.009329521	0.024758936	0.052445554	0	0	0	0.108646572	0.04011049	3.660601986	0	0.027760327	0	0	0	0.012506782
Or66	0.028199752	0.047089085	0.003712615	0	0	0	0	0	0	0	0	0	0	0.004880049	0	0	0	0	0	0	0	5.610981212	0	0.029041489	0	0	0	0
Or67	3.85482517	4.104248146	3.345571917	0.223449263	0.019284796	2.50530663	2.547158494	3.346324078	0.380394538	0.421206826	0.278666904	0.197696005	0.182220889	0.29317285	0.242337662	0.174112316	1.808248599	6.53793148	0.608608879	0.271851716	0.256221316	2.615908504	0.110324129	4.84795117	0.229539501	0.163623384	0.293865545	0.721601323
Or68	0.065041357	0.172786671	0.105090882	0	0.010264482	0.018649872	0.034541263	0	0.005125771	0.010936105	0	0	0.007606912	0.005116177	0	0	0	0	0	0	0	0	0.005338262	0	0	0	0.017379144	0
Or69	48.72697252	44.0623365	36.56183228	0	0	0	0	0.022660169	0	0	0	0	0	0	0	0.147825713	0.044593642	0.009393992	0	0.098433439	0.025437877	16.84573637	0	0	0	0.004304159	0	0
Or70	0.017095221	0	0.015004367	0	0	0	0	0	0	0	0	0	0	0	0	0	0	0	0	0	0	0.032333421	0	0	0	0	0	0
Or71	38.50322847	49.88504401	61.64097372	0.016053336	0.027536411	0.041693246	0.023165909	0.115643027	0.087088879	0.058676453	0.030316462	0.135608526	0.115639958	0.096075993	0.060707037	12.8706653	0	0.017433034	1.93116217	6.294498653	4.901642254	21.55124152	0	0.027226354	0.013656499	0.031950129	0.015540971	4.532374421
Or72	11.8535876	13.25308667	13.83990089	0.047815088	0.009113101	0.024836889	0.015333364	0.034792425	0	0	0.015049739	0	0.003376825	0	0.024108955	0	0.032865192	0.069232932	0	0.04534044	0.031245885	1.836860858	0.018957845	0.013515743	0	0	0.030859402	0.00608921
Or73	0.060137652	0.051351309	0.01799402	0	0	0.017243829	0.03992135	0.010870111	0.004739321	0	0	0	0.003516708	0	0	0	0	0	0.013770763	0.015739547	0.01627014	0.051701373	0.009871582	0	0	0	0	0
Or74	0.027563692	0.069040456	0.003628871	0	0	0.008693949	0.064407781	0.007307269	0.009557834	0.010196073	0	0	0	0	0	0	0	0.009087922	0	0	0.016406035	0.062559972	0	0.014193225	0	0	0	0.006394434
Or75	0.005669027	0.023665953	0	0	0	0.026821251	0.057954592	0	0	0	0	0.005934463	0.003646624	0.004905205	0.013017599	0	0	0.009345573	0	0	0	0	0	0.043786781	0	0	0	0.006575722
Or76	5.536286734	5.508229374	4.982660651	0.004359128	0	0	0.02516189	0.003806275	0	0	0	0.003005973	0	0.004969239	0	0.006207653	0	0.018935101	0	0.016534029	0	1.183984531	0	0.029572235	0	0	0	0.006661563
Or77	2.372646332	2.808316436	1.951383118	0.029661975	0	0	0.008153149	0.01110003	0.004839564	0	0	0	0	0	0	0	1.013566324	3.791741356	0.02812402	0	0	2.333534763	0	0	0	0	0	0
Or78	14.75688974	14.05337924	13.84887944	0.004153097	0	0.008629064	0.031963553	0.079780276	0.009486501	0.020239954	0.007843081	0.040094568	0.045755121	0.018937484	0.012564237	0.017742755	0	0.054120553	0	0.070886704	0.048850913	2.256049475	0.014819645	0	0.014132093	0	0	0.012693389
Or79	17.52441612	40.16710227	40.72088548	0	0	0.026279439	0.024335891	0.051538515	0	0	0	0	0	0	0	0.072046406	0	0	0	0.103943231	0.123977679	9.83328289	0	0.057202951	0	0	0	0.057985821
Or8	0.02599979	0.021707696	0.010268914	0	0	0.049203959	0.030376731	0.034463444	0	0.019235092	0.007453711	0	0	0.004499335	0	0.247308418	0	0.008572293	525.6207939	91.41020036	83.08640935	0.039340345	0	0.040163867	0	0	0	34.71808155
Or80	16.24987534	17.2088213	14.48263641	0.003946917	0	0.041003368	0.04556502	0.051695162	0.036062176	0.125028367	0.029814883	0.038104086	0.036793769	0.013497981	0.083583368	0.089930593	0.008138601	0.077150659	0.039293879	0.074852804	0.061900979	9.972767391	0	0.040163731	0.040291583	0.011782995	0	0.012063224
Or81	12.6137101	12.28850296	9.49382152	0.237376483	0.38907772	0.542527374	0.700321188	0.535448694	0.433771761	0.260289715	0.500582664	0.289186121	0.15422951	0.315699841	0.215438226	4.952248181	0.057105246	0.103111254	0.584241195	3.361348017	2.986043919	6.703717968	0.583515324	1.972689121	0.188472771	0.259841021	0.214480298	2.515104687
Or82	48.7538954	41.97419455	37.39646375	0.02396477	0.018269846	0.016597534	0.007685021	0.04882596	0.036493571	0.029197885	0.015085777	0.046822708	0.071082996	0	0	4.089584523	0.032943787	0.017349663	0.735632158	3.113256843	2.270753786	11.83377969	0.004750798	0.149028813	0	0.02782258	0	2.612415545
Or84	234.7749931	288.4354114	228.8479193	0	0	0.207966827	0.077034483	0.314634027	0	0.00975596	0.007560964	0	0	0	0	0.159642566	0	0	0	0.379648904	0.031395773	21.77890229	0	0.027161115	0	0	0	0.006118418
Or85	20.14964719	23.09905373	19.86460705	0	0	0.041593343	0.007703457	0.076910448	0	0	0	0.002760884	0	0	0	0	0	0	0	0.060743825	0	3.631478231	0	0.027161115	0	0	0	0
Or86	4.618600741	4.874727833	4.422861815	0	0	0.008239636	0.007630264	0.010388161	0.054350268	0.048316276	0	0	0	0.031644946	0.035991679	0.220246645	0	0.051678171	0	0.142895998	0.124389981	0.760898935	0	0	0.013494315	0	0.015356407	0.151507116
Or87	99.68504634	118.9226492	111.2171886	0	0	0.016324172	0.015116917	0.164645821	0.008973122	0.009572315	0	0	0	0.017912664	0.0118843	0.072724495	0	0	0.795216346	0.335251696	0.138621689	7.75272229	0	0	0	0	0	0.090048614
Or88	86.07401528	95.11283107	49.9125304	0.01632806	0	0.025444128	0.023562414	0.04277176	0	0	0	0.002814885	0.003459388	0	0	0.325530145	0.016834371	0.017731424	0.027092584	0.286435827	0.016004947	2.11572003	0	0.05538474	0	0	0.031613872	0.01247618
Or89	0.010499195	0.005478747	0.024189566	0	0.018226201	0.008278963	0.030666728	0.010437734	0.009101613	0	0.015049739	0.002747704	0.016884123	0.013626865	0.012054478	0.034045795	0.024648842	0.03461652	0	0.02267022	0.015622967	0	0.023697277	0	0.040676166	0.003965168	0.015429701	0.00608921
Or9	0.011638007	0.012146015	0.003830474	0.017667139	0	0.073415626	0.042491254	0.015426496	0	0	0	0	0	0	0	0	0.34608446	1.323806841	0	0.008376384	0.008658758	0	0	0.059926962	0.015029372	0	0	0.006749677
Or90	0.14876393	0.288335622	0.164377334	0.032261754	0.009223162	0.041894803	0.046555599	0.077467861	0.244105817	0.265319637	0.350324297	1.451624301	0.905666262	0.027582908	0.024400125	0.241198638	0	0.035034571	0.013382738	0.160607691	0.14230471	0.140684397	0	0.164147615	0.21955967	0.618010451	0.140544423	0.147906074
Or91	28.19989038	22.26947166	19.92099859	0	0	0	0	0.010462719	0	0	0	0	0	0	0	0	0	0.008674831	0.09278243	0.068173404	0.015660338	4.190088945	0	0	0	0	0	0.018311357
Or92	3.364782653	2.790756513	2.163264707	0	0	0.016505372	0.030569414	0.003468206	0	0	0	0	0	0	0	0	0	0	0.085676916	0.037663882	0	0.049487431	0	0	0	0	0	0.006069891
Or93	3.432192781	4.252947599	2.96928832	0	0	0.0167579	0.007759275	0.010563811	0	0	0	0	0	0	0	0	0.781659844	0.604347192	0.1605928	0	0.031623309	0.763715584	0	0.041036946	0	0	0	0
Or94	42.0364467	35.14918441	31.33662527	0	0	0.033515884	0	0.056340222	0.004605768	0.009826649	0.022847286	0.030589785	0	0.004597147	0	0.344569891	0	0	0	0.198847696	0.09486984	1.738457888	0	0.027358021	0	0.012039174	0.046848167	0.04930205
Or95	6.481576592	8.409769459	7.537598152	0.004042487	0	0.016798486	0.038890314	0.003529793	0	0	0	0.005575261	0.003425884	0.009216561	0.01222961	0.040297157	0	0.017559765	0	0.015333093	0.007924972	1.480762269	0.004808318	0	0	0.020113852	0	0.006177676
Or96	0	0	0	0	0	0	0	0	0	0	0	0	0	0	0	0	0	0	0	0	0	0	0	0	0	0	0	0
Or97	15.74817284	16.62419527	13.80281909	0	0	0.024428781	0.007540707	0.010266226	0.00447603	0.019099693	0.007401225	0	0.009964032	0	0	0	0	0	0	0.044595381	0.007683129	0.820328868	0	0	0	0.003900014	0	0
Or99	2.166672481	2.593280031	1.960648658	0	0	0	0.00801082	0	0.009510161	0	0	0	0	0.00949236	0	0	0	0.036170368	0	0.007895943	0	1.338331695	0	0.16946934	0	0	0	0.012725078
Orco	2823.556979	3344.357579	3553.895534	0.167303283	0.055801027	1.006628526	0.657222127	2.942998383	3.948923977	3.56713175	2.007600133	2.783281761	2.593472319	3.468706797	3.711678124	63.42409219	0.661215213	0.802430166	1679.326664	331.6067134	305.4699588	696.3329377	0.310934565	0.508377268	2.858342437	3.378306396	2.820864935	140.3576419